        1000           0

 0.500000E-28
 0.500000E-28
 0.500000E-28
 0.500000E-28
 0.168125E-11
 0.165485E-11
 0.162886E-11
 0.160327E-11
 0.157809E-11
 0.155330E-11
 0.152891E-11
 0.150489E-11
 0.148125E-11
 0.145799E-11
 0.143509E-11
 0.141255E-11
 0.139036E-11
 0.136852E-11
 0.134703E-11
 0.132587E-11
 0.130505E-11
 0.128455E-11
 0.126437E-11
 0.124451E-11
 0.122497E-11
 0.120573E-11
 0.118679E-11
 0.116815E-11
 0.114980E-11
 0.113174E-11
 0.111396E-11
 0.109647E-11
 0.107925E-11
 0.106229E-11
 0.104561E-11
 0.102919E-11
 0.101302E-11
 0.997110E-12
 0.981448E-12
 0.966033E-12
 0.950860E-12
 0.935925E-12
 0.921225E-12
 0.906755E-12
 0.892513E-12
 0.878495E-12
 0.864696E-12
 0.851115E-12
 0.837747E-12
 0.824588E-12
 0.811637E-12
 0.798889E-12
 0.786341E-12
 0.773990E-12
 0.761833E-12
 0.749867E-12
 0.738089E-12
 0.726496E-12
 0.715085E-12
 0.703854E-12
 0.692799E-12
 0.681917E-12
 0.671206E-12
 0.660664E-12
 0.650287E-12
 0.640073E-12
 0.630020E-12
 0.620124E-12
 0.610384E-12
 0.600797E-12
 0.591360E-12
 0.582072E-12
 0.572930E-12
 0.563931E-12
 0.555073E-12
 0.546355E-12
 0.537774E-12
 0.529327E-12
 0.521013E-12
 0.512830E-12
 0.504775E-12
 0.496846E-12
 0.489043E-12
 0.481361E-12
 0.473801E-12
 0.466359E-12
 0.459034E-12
 0.451824E-12
 0.444727E-12
 0.437742E-12
 0.430867E-12
 0.424099E-12
 0.417438E-12
 0.410881E-12
 0.404428E-12
 0.398076E-12
 0.391823E-12
 0.385669E-12
 0.379611E-12
 0.373649E-12
 0.367780E-12
 0.362003E-12
 0.356318E-12
 0.350721E-12
 0.345212E-12
 0.339790E-12
 0.334453E-12
 0.329200E-12
 0.324029E-12
 0.318940E-12
 0.313930E-12
 0.309000E-12
 0.304146E-12
 0.299369E-12
 0.294667E-12
 0.290039E-12
 0.285483E-12
 0.280999E-12
 0.276586E-12
 0.272241E-12
 0.267965E-12
 0.263757E-12
 0.259614E-12
 0.255536E-12
 0.251522E-12
 0.247572E-12
 0.243683E-12
 0.239856E-12
 0.236089E-12
 0.232380E-12
 0.228730E-12
 0.225138E-12
 0.221602E-12
 0.218121E-12
 0.214695E-12
 0.211323E-12
 0.208004E-12
 0.204737E-12
 0.201521E-12
 0.198356E-12
 0.195240E-12
 0.192174E-12
 0.189155E-12
 0.186184E-12
 0.183260E-12
 0.180381E-12
 0.177548E-12
 0.174760E-12
 0.172015E-12
 0.169313E-12
 0.166654E-12
 0.164036E-12
 0.161460E-12
 0.158924E-12
 0.156427E-12
 0.153970E-12
 0.151552E-12
 0.149172E-12
 0.146829E-12
 0.144522E-12
 0.142252E-12
 0.140018E-12
 0.137819E-12
 0.135654E-12
 0.133524E-12
 0.131426E-12
 0.129362E-12
 0.127330E-12
 0.125330E-12
 0.123362E-12
 0.121424E-12
 0.119517E-12
 0.117640E-12
 0.115792E-12
 0.113973E-12
 0.112183E-12
 0.110421E-12
 0.108687E-12
 0.106980E-12
 0.105299E-12
 0.103645E-12
 0.102018E-12
 0.100415E-12
 0.988380E-13
 0.972856E-13
 0.957576E-13
 0.942535E-13
 0.927731E-13
 0.913160E-13
 0.898817E-13
 0.884699E-13
 0.870804E-13
 0.857126E-13
 0.843664E-13
 0.830412E-13
 0.817369E-13
 0.804531E-13
 0.791895E-13
 0.779457E-13
 0.767214E-13
 0.755164E-13
 0.743302E-13
 0.731628E-13
 0.720136E-13
 0.708825E-13
 0.697692E-13
 0.686733E-13
 0.675947E-13
 0.665330E-13
 0.654880E-13
 0.644594E-13
 0.634470E-13
 0.624504E-13
 0.614695E-13
 0.605040E-13
 0.595537E-13
 0.586183E-13
 0.576976E-13
 0.567914E-13
 0.558994E-13
 0.550214E-13
 0.541572E-13
 0.533066E-13
 0.524693E-13
 0.516452E-13
 0.508340E-13
 0.500356E-13
 0.492497E-13
 0.484761E-13
 0.477147E-13
 0.469653E-13
 0.462276E-13
 0.455015E-13
 0.447868E-13
 0.440834E-13
 0.433910E-13
 0.427095E-13
 0.420386E-13
 0.413783E-13
 0.407284E-13
 0.400887E-13
 0.394591E-13
 0.388393E-13
 0.382292E-13
 0.376288E-13
 0.370378E-13
 0.364560E-13
 0.358834E-13
 0.353198E-13
 0.347651E-13
 0.342190E-13
 0.336815E-13
 0.331525E-13
 0.326318E-13
 0.321193E-13
 0.316148E-13
 0.311182E-13
 0.306294E-13
 0.301484E-13
 0.296748E-13
 0.292087E-13
 0.287500E-13
 0.282984E-13
 0.278539E-13
 0.274164E-13
 0.269858E-13
 0.265619E-13
 0.261447E-13
 0.257341E-13
 0.253299E-13
 0.249321E-13
 0.245405E-13
 0.241550E-13
 0.237756E-13
 0.234022E-13
 0.230346E-13
 0.226728E-13
 0.223167E-13
 0.219662E-13
 0.216211E-13
 0.212816E-13
 0.209473E-13
 0.206183E-13
 0.202944E-13
 0.199757E-13
 0.196619E-13
 0.193531E-13
 0.190491E-13
 0.187499E-13
 0.184554E-13
 0.181656E-13
 0.178802E-13
 0.175994E-13
 0.173230E-13
 0.170509E-13
 0.167831E-13
 0.165195E-13
 0.162600E-13
 0.160046E-13
 0.157532E-13
 0.155058E-13
 0.152622E-13
 0.150225E-13
 0.147866E-13
 0.145543E-13
 0.143257E-13
 0.141007E-13
 0.138792E-13
 0.136612E-13
 0.134467E-13
 0.132355E-13
 0.130276E-13
 0.128230E-13
 0.126216E-13
 0.124233E-13
 0.122282E-13
 0.120361E-13
 0.118471E-13
 0.116610E-13
 0.114778E-13
 0.112976E-13
 0.111201E-13
 0.109454E-13
 0.107735E-13
 0.106043E-13
 0.104378E-13
 0.102738E-13
 0.101124E-13
 0.995361E-14
 0.979727E-14
 0.964339E-14
 0.949192E-14
 0.934284E-14
 0.919609E-14
 0.905165E-14
 0.890948E-14
 0.876954E-14
 0.863180E-14
 0.849622E-14
 0.836278E-14
 0.823142E-14
 0.810214E-14
 0.797488E-14
 0.784962E-14
 0.772633E-14
 0.760497E-14
 0.748552E-14
 0.736795E-14
 0.725222E-14
 0.713832E-14
 0.702620E-14
 0.691584E-14
 0.680721E-14
 0.670029E-14
 0.659505E-14
 0.649147E-14
 0.638951E-14
 0.628915E-14
 0.619037E-14
 0.609314E-14
 0.599744E-14
 0.590324E-14
 0.581051E-14
 0.571925E-14
 0.562942E-14
 0.554100E-14
 0.545397E-14
 0.536831E-14
 0.528399E-14
 0.520099E-14
 0.511930E-14
 0.503890E-14
 0.500000E-28
 0.500000E-28
 0.500000E-28
 0.500000E-28
 0.500000E-28
 0.500000E-28
 0.500000E-28
 0.500000E-28
 0.500000E-28
 0.500000E-28
 0.500000E-28
 0.500000E-28
 0.500000E-28
 0.500000E-28
 0.500000E-28
 0.500000E-28
 0.500000E-28
 0.500000E-28
 0.500000E-28
 0.500000E-28
 0.500000E-28
 0.500000E-28
 0.500000E-28
 0.500000E-28
 0.500000E-28
 0.500000E-28
 0.500000E-28
 0.500000E-28
 0.500000E-28
 0.500000E-28
 0.500000E-28
 0.500000E-28
 0.500000E-28
 0.500000E-28
 0.500000E-28
 0.500000E-28
 0.500000E-28
 0.500000E-28
 0.500000E-28
 0.500000E-28
 0.500000E-28
 0.500000E-28
 0.500000E-28
 0.500000E-28
 0.500000E-28
 0.500000E-28
 0.500000E-28
 0.500000E-28
 0.500000E-28
 0.500000E-28
 0.500000E-28
 0.500000E-28
 0.500000E-28
 0.500000E-28
 0.500000E-28
 0.500000E-28
 0.500000E-28
 0.500000E-28
 0.500000E-28
 0.500000E-28
 0.500000E-28
 0.500000E-28
 0.500000E-28
 0.500000E-28
 0.500000E-28
 0.500000E-28
 0.500000E-28
 0.500000E-28
 0.500000E-28
 0.500000E-28
 0.500000E-28
 0.500000E-28
 0.500000E-28
 0.500000E-28
 0.500000E-28
 0.500000E-28
 0.500000E-28
 0.500000E-28
 0.500000E-28
 0.500000E-28
 0.500000E-28
 0.500000E-28
 0.500000E-28
 0.500000E-28
 0.500000E-28
 0.500000E-28
 0.500000E-28
 0.500000E-28
 0.500000E-28
 0.500000E-28
 0.500000E-28
 0.500000E-28
 0.500000E-28
 0.500000E-28
 0.500000E-28
 0.500000E-28
 0.500000E-28
 0.500000E-28
 0.500000E-28
 0.500000E-28
 0.500000E-28
 0.500000E-28
 0.500000E-28
 0.500000E-28
 0.500000E-28
 0.500000E-28
 0.500000E-28
 0.500000E-28
 0.500000E-28
 0.500000E-28
 0.500000E-28
 0.500000E-28
 0.500000E-28
 0.500000E-28
 0.500000E-28
 0.500000E-28
 0.500000E-28
 0.500000E-28
 0.500000E-28
 0.500000E-28
 0.500000E-28
 0.500000E-28
 0.500000E-28
 0.500000E-28
 0.500000E-28
 0.500000E-28
 0.500000E-28
 0.500000E-28
 0.500000E-28
 0.500000E-28
 0.500000E-28
 0.500000E-28
 0.500000E-28
 0.500000E-28
 0.500000E-28
 0.500000E-28
 0.500000E-28
 0.500000E-28
 0.500000E-28
 0.500000E-28
 0.500000E-28
 0.500000E-28
 0.500000E-28
 0.500000E-28
 0.500000E-28
 0.500000E-28
 0.500000E-28
 0.500000E-28
 0.500000E-28
 0.500000E-28
 0.500000E-28
 0.500000E-28
 0.500000E-28
 0.500000E-28
 0.500000E-28
 0.500000E-28
 0.500000E-28
 0.500000E-28
 0.500000E-28
 0.500000E-28
 0.500000E-28
 0.500000E-28
 0.500000E-28
 0.500000E-28
 0.500000E-28
 0.500000E-28
 0.500000E-28
 0.500000E-28
 0.500000E-28
 0.500000E-28
 0.500000E-28
 0.500000E-28
 0.500000E-28
 0.500000E-28
 0.500000E-28
 0.500000E-28
 0.500000E-28
 0.500000E-28
 0.500000E-28
 0.500000E-28
 0.500000E-28
 0.500000E-28
 0.500000E-28
 0.500000E-28
 0.500000E-28
 0.500000E-28
 0.500000E-28
 0.500000E-28
 0.500000E-28
 0.500000E-28
 0.500000E-28
 0.500000E-28
 0.500000E-28
 0.500000E-28
 0.500000E-28
 0.500000E-28
 0.500000E-28
 0.500000E-28
 0.500000E-28
 0.500000E-28
 0.500000E-28
 0.500000E-28
 0.500000E-28
 0.500000E-28
 0.500000E-28
 0.500000E-28
 0.500000E-28
 0.500000E-28
 0.500000E-28
 0.500000E-28
 0.500000E-28
 0.500000E-28
 0.500000E-28
 0.500000E-28
 0.500000E-28
 0.500000E-28
 0.500000E-28
 0.500000E-28
 0.500000E-28
 0.500000E-28
 0.500000E-28
 0.500000E-28
 0.500000E-28
 0.500000E-28
 0.500000E-28
 0.500000E-28
 0.500000E-28
 0.500000E-28
 0.500000E-28
 0.500000E-28
 0.500000E-28
 0.500000E-28
 0.500000E-28
 0.500000E-28
 0.500000E-28
 0.500000E-28
 0.500000E-28
 0.500000E-28
 0.500000E-28
 0.500000E-28
 0.500000E-28
 0.500000E-28
 0.500000E-28
 0.500000E-28
 0.500000E-28
 0.500000E-28
 0.500000E-28
 0.500000E-28
 0.500000E-28
 0.500000E-28
 0.500000E-28
 0.500000E-28
 0.500000E-28
 0.500000E-28
 0.500000E-28
 0.500000E-28
 0.500000E-28
 0.500000E-28
 0.500000E-28
 0.500000E-28
 0.500000E-28
 0.500000E-28
 0.500000E-28
 0.500000E-28
 0.500000E-28
 0.500000E-28
 0.500000E-28
 0.500000E-28
 0.500000E-28
 0.500000E-28
 0.500000E-28
 0.500000E-28
 0.500000E-28
 0.500000E-28
 0.500000E-28
 0.500000E-28
 0.500000E-28
 0.500000E-28
 0.500000E-28
 0.500000E-28
 0.500000E-28
 0.500000E-28
 0.500000E-28
 0.500000E-28
 0.500000E-28
 0.500000E-28
 0.500000E-28
 0.500000E-28
 0.500000E-28
 0.500000E-28
 0.500000E-28
 0.500000E-28
 0.500000E-28
 0.500000E-28
 0.500000E-28
 0.500000E-28
 0.500000E-28
 0.500000E-28
 0.500000E-28
 0.500000E-28
 0.500000E-28
 0.500000E-28
 0.500000E-28
 0.500000E-28
 0.500000E-28
 0.500000E-28
 0.500000E-28
 0.500000E-28
 0.500000E-28
 0.500000E-28
 0.500000E-28
 0.500000E-28
 0.500000E-28
 0.500000E-28
 0.500000E-28
 0.500000E-28
 0.500000E-28
 0.500000E-28
 0.500000E-28
 0.500000E-28
 0.500000E-28
 0.500000E-28
 0.500000E-28
 0.500000E-28
 0.500000E-28
 0.500000E-28
 0.500000E-28
 0.500000E-28
 0.500000E-28
 0.500000E-28
 0.500000E-28
 0.500000E-28
 0.500000E-28
 0.500000E-28
 0.500000E-28
 0.500000E-28
 0.500000E-28
 0.500000E-28
 0.500000E-28
 0.500000E-28
 0.500000E-28
 0.500000E-28
 0.500000E-28
 0.500000E-28
 0.500000E-28
 0.500000E-28
 0.500000E-28
 0.500000E-28
 0.500000E-28
 0.500000E-28
 0.500000E-28
 0.500000E-28
 0.500000E-28
 0.500000E-28
 0.500000E-28
 0.500000E-28
 0.500000E-28
 0.500000E-28
 0.500000E-28
 0.500000E-28
 0.500000E-28
 0.500000E-28
 0.500000E-28
 0.500000E-28
 0.500000E-28
 0.500000E-28
 0.500000E-28
 0.500000E-28
 0.500000E-28
 0.500000E-28
 0.500000E-28
 0.500000E-28
 0.500000E-28
 0.500000E-28
 0.500000E-28
 0.500000E-28
 0.500000E-28
 0.500000E-28
 0.500000E-28
 0.500000E-28
 0.500000E-28
 0.500000E-28
 0.500000E-28
 0.500000E-28
 0.500000E-28
 0.500000E-28
 0.500000E-28
 0.500000E-28
 0.500000E-28
 0.500000E-28
 0.500000E-28
 0.500000E-28
 0.500000E-28
 0.500000E-28
 0.500000E-28
 0.500000E-28
 0.500000E-28
 0.500000E-28
 0.500000E-28
 0.500000E-28
 0.500000E-28
 0.500000E-28
 0.500000E-28
 0.500000E-28
 0.500000E-28
 0.500000E-28
 0.500000E-28
 0.500000E-28
 0.500000E-28
 0.500000E-28
 0.500000E-28
 0.500000E-28
 0.500000E-28
 0.500000E-28
 0.500000E-28
 0.500000E-28
 0.500000E-28
 0.500000E-28
 0.500000E-28
 0.500000E-28
 0.500000E-28
 0.500000E-28
 0.500000E-28
 0.500000E-28
 0.500000E-28
 0.500000E-28
 0.500000E-28
 0.500000E-28
 0.500000E-28
 0.500000E-28
 0.500000E-28
 0.500000E-28
 0.500000E-28
 0.500000E-28
 0.500000E-28
 0.500000E-28
 0.500000E-28
 0.500000E-28
 0.500000E-28
 0.500000E-28
 0.500000E-28
 0.500000E-28
 0.500000E-28
 0.500000E-28
 0.500000E-28
 0.500000E-28
 0.500000E-28
 0.500000E-28
 0.500000E-28
 0.500000E-28
 0.500000E-28
 0.500000E-28
 0.500000E-28
 0.500000E-28
 0.500000E-28
 0.500000E-28
 0.500000E-28
 0.500000E-28
 0.500000E-28
 0.500000E-28
 0.500000E-28
 0.500000E-28
 0.500000E-28
 0.500000E-28
 0.500000E-28
 0.500000E-28
 0.500000E-28
 0.500000E-28
 0.500000E-28
 0.500000E-28
 0.500000E-28
 0.500000E-28
 0.500000E-28
 0.500000E-28
 0.500000E-28
 0.500000E-28
 0.500000E-28
 0.500000E-28
 0.500000E-28
 0.500000E-28
 0.500000E-28
 0.500000E-28
 0.500000E-28
 0.500000E-28
 0.500000E-28
 0.500000E-28
 0.500000E-28
 0.500000E-28
 0.500000E-28
 0.500000E-28
 0.500000E-28
 0.500000E-28
 0.500000E-28
 0.500000E-28
 0.500000E-28
 0.500000E-28
 0.500000E-28
 0.500000E-28
 0.500000E-28
 0.500000E-28
 0.500000E-28
 0.500000E-28
 0.500000E-28
 0.500000E-28
 0.500000E-28
 0.500000E-28
 0.500000E-28
 0.500000E-28
 0.500000E-28
 0.500000E-28
 0.500000E-28
 0.500000E-28
 0.500000E-28
 0.500000E-28
 0.500000E-28
 0.500000E-28
 0.500000E-28
 0.500000E-28
 0.500000E-28
 0.500000E-28
 0.500000E-28
 0.500000E-28
 0.500000E-28
 0.500000E-28
 0.500000E-28
 0.500000E-28
 0.500000E-28
 0.500000E-28
 0.500000E-28
 0.500000E-28
 0.500000E-28
 0.500000E-28
 0.500000E-28
 0.500000E-28
 0.500000E-28
 0.500000E-28
 0.500000E-28
 0.500000E-28
 0.500000E-28
 0.500000E-28
 0.500000E-28
 0.500000E-28
 0.500000E-28
 0.500000E-28
 0.500000E-28
 0.500000E-28
 0.500000E-28
 0.500000E-28
 0.500000E-28
 0.500000E-28
 0.500000E-28
 0.500000E-28
 0.500000E-28
 0.500000E-28
 0.500000E-28
 0.500000E-28
 0.500000E-28
 0.500000E-28
 0.500000E-28
 0.500000E-28
 0.500000E-28
 0.500000E-28
 0.500000E-28
 0.500000E-28
 0.500000E-28
 0.500000E-28
 0.500000E-28
 0.500000E-28
 0.500000E-28
 0.500000E-28
 0.500000E-28
 0.500000E-28
 0.500000E-28
 0.500000E-28
 0.500000E-28
 0.500000E-28
 0.500000E-28
 0.500000E-28
 0.500000E-28
 0.500000E-28
 0.500000E-28
 0.500000E-28
 0.500000E-28
 0.500000E-28
 0.500000E-28
 0.500000E-28
 0.500000E-28
 0.500000E-28
 0.500000E-28
 0.500000E-28
 0.500000E-28
 0.500000E-28
 0.500000E-28
 0.500000E-28
 0.500000E-28
 0.500000E-28
 0.500000E-28
 0.500000E-28
 0.500000E-28
 0.500000E-28
 0.500000E-28
 0.500000E-28
 0.500000E-28
 0.500000E-28
 0.500000E-28
 0.500000E-28
 0.500000E-28
 0.500000E-28
 0.500000E-28
 0.500000E-28
 0.500000E-28
 0.500000E-28
 0.500000E-28
 0.500000E-28
 0.500000E-28
 0.500000E-28
 0.500000E-28
 0.500000E-28
 0.500000E-28
 0.500000E-28
 0.500000E-28
 0.500000E-28
 0.500000E-28
 0.500000E-28
 0.500000E-28
 0.500000E-28
 0.500000E-28
 0.500000E-28
