        1000           0

 0.358233E-09
 0.352606E-09
 0.347068E-09
 0.341617E-09
 0.336251E-09
 0.330969E-09
 0.325771E-09
 0.320654E-09
 0.315618E-09
 0.310661E-09
 0.305781E-09
 0.300978E-09
 0.296251E-09
 0.291598E-09
 0.287018E-09
 0.282510E-09
 0.278072E-09
 0.273705E-09
 0.269406E-09
 0.265174E-09
 0.261009E-09
 0.256910E-09
 0.252874E-09
 0.248903E-09
 0.244993E-09
 0.241145E-09
 0.237358E-09
 0.233629E-09
 0.229960E-09
 0.226348E-09
 0.222793E-09
 0.219293E-09
 0.215849E-09
 0.212459E-09
 0.209122E-09
 0.205837E-09
 0.202604E-09
 0.199422E-09
 0.196290E-09
 0.193207E-09
 0.190172E-09
 0.187185E-09
 0.184245E-09
 0.181351E-09
 0.178503E-09
 0.175699E-09
 0.172939E-09
 0.170223E-09
 0.167549E-09
 0.164918E-09
 0.162327E-09
 0.159778E-09
 0.157268E-09
 0.154798E-09
 0.152367E-09
 0.149973E-09
 0.147618E-09
 0.145299E-09
 0.143017E-09
 0.140771E-09
 0.138560E-09
 0.136383E-09
 0.134241E-09
 0.132133E-09
 0.130057E-09
 0.128015E-09
 0.126004E-09
 0.124025E-09
 0.122077E-09
 0.120159E-09
 0.118272E-09
 0.116414E-09
 0.114586E-09
 0.112786E-09
 0.111015E-09
 0.109271E-09
 0.107555E-09
 0.105865E-09
 0.104203E-09
 0.102566E-09
 0.100955E-09
 0.993693E-10
 0.978085E-10
 0.962723E-10
 0.947601E-10
 0.932718E-10
 0.918068E-10
 0.903648E-10
 0.889455E-10
 0.875484E-10
 0.861733E-10
 0.848198E-10
 0.834876E-10
 0.821763E-10
 0.808856E-10
 0.796151E-10
 0.783646E-10
 0.771338E-10
 0.759223E-10
 0.747298E-10
 0.735560E-10
 0.724007E-10
 0.712635E-10
 0.701442E-10
 0.690425E-10
 0.679580E-10
 0.668906E-10
 0.658400E-10
 0.648059E-10
 0.637880E-10
 0.627861E-10
 0.617999E-10
 0.608293E-10
 0.598738E-10
 0.589334E-10
 0.580078E-10
 0.570966E-10
 0.561998E-10
 0.553171E-10
 0.544483E-10
 0.535931E-10
 0.527513E-10
 0.519228E-10
 0.511072E-10
 0.503045E-10
 0.495144E-10
 0.487367E-10
 0.479712E-10
 0.472177E-10
 0.464761E-10
 0.457461E-10
 0.450276E-10
 0.443203E-10
 0.436242E-10
 0.429390E-10
 0.422646E-10
 0.416008E-10
 0.409473E-10
 0.403042E-10
 0.396711E-10
 0.390480E-10
 0.384347E-10
 0.378310E-10
 0.372368E-10
 0.366520E-10
 0.360763E-10
 0.355097E-10
 0.349519E-10
 0.344029E-10
 0.338626E-10
 0.333307E-10
 0.328072E-10
 0.322919E-10
 0.317847E-10
 0.312855E-10
 0.307941E-10
 0.303104E-10
 0.298343E-10
 0.293657E-10
 0.289045E-10
 0.284505E-10
 0.280036E-10
 0.275638E-10
 0.271309E-10
 0.267047E-10
 0.262853E-10
 0.258724E-10
 0.254660E-10
 0.250661E-10
 0.246724E-10
 0.242848E-10
 0.239034E-10
 0.235280E-10
 0.231584E-10
 0.227947E-10
 0.224366E-10
 0.220842E-10
 0.217374E-10
 0.213959E-10
 0.210599E-10
 0.207291E-10
 0.204035E-10
 0.200830E-10
 0.197676E-10
 0.194571E-10
 0.191515E-10
 0.188507E-10
 0.185546E-10
 0.182632E-10
 0.179763E-10
 0.176940E-10
 0.174161E-10
 0.171425E-10
 0.168733E-10
 0.166082E-10
 0.163474E-10
 0.160906E-10
 0.158379E-10
 0.155891E-10
 0.153443E-10
 0.151033E-10
 0.148660E-10
 0.146326E-10
 0.144027E-10
 0.141765E-10
 0.139538E-10
 0.137347E-10
 0.135189E-10
 0.133066E-10
 0.130976E-10
 0.128919E-10
 0.126894E-10
 0.124901E-10
 0.122939E-10
 0.121008E-10
 0.119107E-10
 0.117237E-10
 0.115395E-10
 0.113583E-10
 0.111799E-10
 0.110043E-10
 0.108314E-10
 0.106613E-10
 0.104939E-10
 0.103290E-10
 0.101668E-10
 0.100071E-10
 0.984993E-11
 0.969522E-11
 0.954294E-11
 0.939305E-11
 0.924552E-11
 0.910030E-11
 0.895737E-11
 0.881668E-11
 0.867820E-11
 0.854189E-11
 0.840773E-11
 0.827567E-11
 0.814568E-11
 0.801774E-11
 0.789181E-11
 0.776786E-11
 0.764585E-11
 0.752576E-11
 0.740755E-11
 0.729121E-11
 0.717668E-11
 0.706396E-11
 0.695301E-11
 0.684380E-11
 0.673631E-11
 0.663050E-11
 0.652636E-11
 0.642385E-11
 0.632295E-11
 0.622364E-11
 0.612589E-11
 0.602967E-11
 0.593497E-11
 0.584175E-11
 0.574999E-11
 0.565968E-11
 0.557078E-11
 0.548329E-11
 0.539716E-11
 0.531239E-11
 0.522895E-11
 0.514682E-11
 0.506598E-11
 0.498641E-11
 0.490809E-11
 0.483100E-11
 0.475512E-11
 0.468043E-11
 0.460692E-11
 0.453456E-11
 0.446334E-11
 0.439323E-11
 0.432423E-11
 0.425631E-11
 0.418946E-11
 0.412366E-11
 0.405889E-11
 0.399513E-11
 0.393238E-11
 0.387062E-11
 0.380982E-11
 0.374998E-11
 0.369108E-11
 0.363311E-11
 0.357605E-11
 0.351988E-11
 0.346459E-11
 0.341018E-11
 0.335661E-11
 0.330389E-11
 0.325200E-11
 0.320092E-11
 0.315064E-11
 0.310116E-11
 0.305245E-11
 0.300450E-11
 0.295731E-11
 0.291086E-11
 0.286514E-11
 0.282014E-11
 0.277585E-11
 0.273225E-11
 0.268933E-11
 0.264709E-11
 0.260552E-11
 0.256459E-11
 0.252431E-11
 0.248466E-11
 0.244564E-11
 0.240722E-11
 0.236941E-11
 0.233220E-11
 0.229557E-11
 0.225951E-11
 0.222402E-11
 0.218909E-11
 0.215471E-11
 0.212086E-11
 0.208755E-11
 0.205476E-11
 0.202249E-11
 0.199072E-11
 0.195945E-11
 0.192868E-11
 0.189838E-11
 0.186857E-11
 0.183922E-11
 0.181033E-11
 0.178190E-11
 0.175391E-11
 0.172636E-11
 0.169924E-11
 0.167256E-11
 0.164628E-11
 0.162043E-11
 0.159498E-11
 0.156992E-11
 0.154527E-11
 0.152099E-11
 0.149710E-11
 0.147359E-11
 0.145044E-11
 0.142766E-11
 0.140524E-11
 0.138317E-11
 0.136144E-11
 0.134006E-11
 0.131901E-11
 0.129829E-11
 0.127790E-11
 0.125783E-11
 0.123807E-11
 0.121863E-11
 0.119949E-11
 0.118065E-11
 0.116210E-11
 0.114385E-11
 0.112588E-11
 0.110820E-11
 0.109079E-11
 0.107366E-11
 0.105680E-11
 0.104020E-11
 0.102386E-11
 0.100778E-11
 0.100000E-19
 0.100000E-19
 0.100000E-19
 0.100000E-19
 0.100000E-19
 0.100000E-19
 0.100000E-19
 0.100000E-19
 0.100000E-19
 0.100000E-19
 0.100000E-19
 0.100000E-19
 0.100000E-19
 0.100000E-19
 0.100000E-19
 0.100000E-19
 0.100000E-19
 0.100000E-19
 0.100000E-19
 0.100000E-19
 0.100000E-19
 0.100000E-19
 0.100000E-19
 0.100000E-19
 0.100000E-19
 0.100000E-19
 0.100000E-19
 0.100000E-19
 0.100000E-19
 0.100000E-19
 0.100000E-19
 0.100000E-19
 0.100000E-19
 0.100000E-19
 0.100000E-19
 0.100000E-19
 0.100000E-19
 0.100000E-19
 0.100000E-19
 0.100000E-19
 0.100000E-19
 0.100000E-19
 0.100000E-19
 0.100000E-19
 0.100000E-19
 0.100000E-19
 0.100000E-19
 0.100000E-19
 0.100000E-19
 0.100000E-19
 0.100000E-19
 0.100000E-19
 0.100000E-19
 0.100000E-19
 0.100000E-19
 0.100000E-19
 0.100000E-19
 0.100000E-19
 0.100000E-19
 0.100000E-19
 0.100000E-19
 0.100000E-19
 0.100000E-19
 0.100000E-19
 0.100000E-19
 0.100000E-19
 0.100000E-19
 0.100000E-19
 0.100000E-19
 0.100000E-19
 0.100000E-19
 0.100000E-19
 0.100000E-19
 0.100000E-19
 0.100000E-19
 0.100000E-19
 0.100000E-19
 0.100000E-19
 0.100000E-19
 0.100000E-19
 0.100000E-19
 0.100000E-19
 0.100000E-19
 0.100000E-19
 0.100000E-19
 0.100000E-19
 0.100000E-19
 0.100000E-19
 0.100000E-19
 0.100000E-19
 0.100000E-19
 0.100000E-19
 0.100000E-19
 0.100000E-19
 0.100000E-19
 0.100000E-19
 0.100000E-19
 0.100000E-19
 0.100000E-19
 0.100000E-19
 0.100000E-19
 0.100000E-19
 0.100000E-19
 0.100000E-19
 0.100000E-19
 0.100000E-19
 0.100000E-19
 0.100000E-19
 0.100000E-19
 0.100000E-19
 0.100000E-19
 0.100000E-19
 0.100000E-19
 0.100000E-19
 0.100000E-19
 0.100000E-19
 0.100000E-19
 0.100000E-19
 0.100000E-19
 0.100000E-19
 0.100000E-19
 0.100000E-19
 0.100000E-19
 0.100000E-19
 0.100000E-19
 0.100000E-19
 0.100000E-19
 0.100000E-19
 0.100000E-19
 0.100000E-19
 0.100000E-19
 0.100000E-19
 0.100000E-19
 0.100000E-19
 0.100000E-19
 0.100000E-19
 0.100000E-19
 0.100000E-19
 0.100000E-19
 0.100000E-19
 0.100000E-19
 0.100000E-19
 0.100000E-19
 0.100000E-19
 0.100000E-19
 0.100000E-19
 0.100000E-19
 0.100000E-19
 0.100000E-19
 0.100000E-19
 0.100000E-19
 0.100000E-19
 0.100000E-19
 0.100000E-19
 0.100000E-19
 0.100000E-19
 0.100000E-19
 0.100000E-19
 0.100000E-19
 0.100000E-19
 0.100000E-19
 0.100000E-19
 0.100000E-19
 0.100000E-19
 0.100000E-19
 0.100000E-19
 0.100000E-19
 0.100000E-19
 0.100000E-19
 0.100000E-19
 0.100000E-19
 0.100000E-19
 0.100000E-19
 0.100000E-19
 0.100000E-19
 0.100000E-19
 0.100000E-19
 0.100000E-19
 0.100000E-19
 0.100000E-19
 0.100000E-19
 0.100000E-19
 0.100000E-19
 0.100000E-19
 0.100000E-19
 0.100000E-19
 0.100000E-19
 0.100000E-19
 0.100000E-19
 0.100000E-19
 0.100000E-19
 0.100000E-19
 0.100000E-19
 0.100000E-19
 0.100000E-19
 0.100000E-19
 0.100000E-19
 0.100000E-19
 0.100000E-19
 0.100000E-19
 0.100000E-19
 0.100000E-19
 0.100000E-19
 0.100000E-19
 0.100000E-19
 0.100000E-19
 0.100000E-19
 0.100000E-19
 0.100000E-19
 0.100000E-19
 0.100000E-19
 0.100000E-19
 0.100000E-19
 0.100000E-19
 0.100000E-19
 0.100000E-19
 0.100000E-19
 0.100000E-19
 0.100000E-19
 0.100000E-19
 0.100000E-19
 0.100000E-19
 0.100000E-19
 0.100000E-19
 0.100000E-19
 0.100000E-19
 0.100000E-19
 0.100000E-19
 0.100000E-19
 0.100000E-19
 0.100000E-19
 0.100000E-19
 0.100000E-19
 0.100000E-19
 0.100000E-19
 0.100000E-19
 0.100000E-19
 0.100000E-19
 0.100000E-19
 0.100000E-19
 0.100000E-19
 0.100000E-19
 0.100000E-19
 0.100000E-19
 0.100000E-19
 0.100000E-19
 0.100000E-19
 0.100000E-19
 0.100000E-19
 0.100000E-19
 0.100000E-19
 0.100000E-19
 0.100000E-19
 0.100000E-19
 0.100000E-19
 0.100000E-19
 0.100000E-19
 0.100000E-19
 0.100000E-19
 0.100000E-19
 0.100000E-19
 0.100000E-19
 0.100000E-19
 0.100000E-19
 0.100000E-19
 0.100000E-19
 0.100000E-19
 0.100000E-19
 0.100000E-19
 0.100000E-19
 0.100000E-19
 0.100000E-19
 0.100000E-19
 0.100000E-19
 0.100000E-19
 0.100000E-19
 0.100000E-19
 0.100000E-19
 0.100000E-19
 0.100000E-19
 0.100000E-19
 0.100000E-19
 0.100000E-19
 0.100000E-19
 0.100000E-19
 0.100000E-19
 0.100000E-19
 0.100000E-19
 0.100000E-19
 0.100000E-19
 0.100000E-19
 0.100000E-19
 0.100000E-19
 0.100000E-19
 0.100000E-19
 0.100000E-19
 0.100000E-19
 0.100000E-19
 0.100000E-19
 0.100000E-19
 0.100000E-19
 0.100000E-19
 0.100000E-19
 0.100000E-19
 0.100000E-19
 0.100000E-19
 0.100000E-19
 0.100000E-19
 0.100000E-19
 0.100000E-19
 0.100000E-19
 0.100000E-19
 0.100000E-19
 0.100000E-19
 0.100000E-19
 0.100000E-19
 0.100000E-19
 0.100000E-19
 0.100000E-19
 0.100000E-19
 0.100000E-19
 0.100000E-19
 0.100000E-19
 0.100000E-19
 0.100000E-19
 0.100000E-19
 0.100000E-19
 0.100000E-19
 0.100000E-19
 0.100000E-19
 0.100000E-19
 0.100000E-19
 0.100000E-19
 0.100000E-19
 0.100000E-19
 0.100000E-19
 0.100000E-19
 0.100000E-19
 0.100000E-19
 0.100000E-19
 0.100000E-19
 0.100000E-19
 0.100000E-19
 0.100000E-19
 0.100000E-19
 0.100000E-19
 0.100000E-19
 0.100000E-19
 0.100000E-19
 0.100000E-19
 0.100000E-19
 0.100000E-19
 0.100000E-19
 0.100000E-19
 0.100000E-19
 0.100000E-19
 0.100000E-19
 0.100000E-19
 0.100000E-19
 0.100000E-19
 0.100000E-19
 0.100000E-19
 0.100000E-19
 0.100000E-19
 0.100000E-19
 0.100000E-19
 0.100000E-19
 0.100000E-19
 0.100000E-19
 0.100000E-19
 0.100000E-19
 0.100000E-19
 0.100000E-19
 0.100000E-19
 0.100000E-19
 0.100000E-19
 0.100000E-19
 0.100000E-19
 0.100000E-19
 0.100000E-19
 0.100000E-19
 0.100000E-19
 0.100000E-19
 0.100000E-19
 0.100000E-19
 0.100000E-19
 0.100000E-19
 0.100000E-19
 0.100000E-19
 0.100000E-19
 0.100000E-19
 0.100000E-19
 0.100000E-19
 0.100000E-19
 0.100000E-19
 0.100000E-19
 0.100000E-19
 0.100000E-19
 0.100000E-19
 0.100000E-19
 0.100000E-19
 0.100000E-19
 0.100000E-19
 0.100000E-19
 0.100000E-19
 0.100000E-19
 0.100000E-19
 0.100000E-19
 0.100000E-19
 0.100000E-19
 0.100000E-19
 0.100000E-19
 0.100000E-19
 0.100000E-19
 0.100000E-19
 0.100000E-19
 0.100000E-19
 0.100000E-19
 0.100000E-19
 0.100000E-19
 0.100000E-19
 0.100000E-19
 0.100000E-19
 0.100000E-19
 0.100000E-19
 0.100000E-19
 0.100000E-19
 0.100000E-19
 0.100000E-19
 0.100000E-19
 0.100000E-19
 0.100000E-19
 0.100000E-19
 0.100000E-19
 0.100000E-19
 0.100000E-19
 0.100000E-19
 0.100000E-19
 0.100000E-19
 0.100000E-19
 0.100000E-19
 0.100000E-19
 0.100000E-19
 0.100000E-19
 0.100000E-19
 0.100000E-19
 0.100000E-19
 0.100000E-19
 0.100000E-19
 0.100000E-19
 0.100000E-19
 0.100000E-19
 0.100000E-19
 0.100000E-19
 0.100000E-19
 0.100000E-19
 0.100000E-19
 0.100000E-19
 0.100000E-19
 0.100000E-19
 0.100000E-19
 0.100000E-19
 0.100000E-19
 0.100000E-19
 0.100000E-19
 0.100000E-19
 0.100000E-19
 0.100000E-19
 0.100000E-19
 0.100000E-19
 0.100000E-19
 0.100000E-19
 0.100000E-19
 0.100000E-19
 0.100000E-19
 0.100000E-19
 0.100000E-19
 0.100000E-19
 0.100000E-19
 0.100000E-19
 0.100000E-19
 0.100000E-19
 0.100000E-19
 0.100000E-19
 0.100000E-19
 0.100000E-19
 0.100000E-19
 0.100000E-19
 0.100000E-19
 0.100000E-19
 0.100000E-19
 0.100000E-19
 0.100000E-19
 0.100000E-19
 0.100000E-19
 0.100000E-19
 0.100000E-19
 0.100000E-19
 0.100000E-19
 0.100000E-19
 0.100000E-19
 0.100000E-19
 0.100000E-19
 0.100000E-19
 0.100000E-19
 0.100000E-19
 0.100000E-19
 0.100000E-19
 0.100000E-19
 0.100000E-19
 0.100000E-19
 0.100000E-19
 0.100000E-19
 0.100000E-19
 0.100000E-19
 0.100000E-19
 0.100000E-19
 0.100000E-19
 0.100000E-19
 0.100000E-19
 0.100000E-19
 0.100000E-19
 0.100000E-19
 0.100000E-19
 0.100000E-19
 0.100000E-19
 0.100000E-19
 0.100000E-19
 0.100000E-19
 0.100000E-19
 0.100000E-19
 0.100000E-19
 0.100000E-19
 0.100000E-19
 0.100000E-19
 0.100000E-19
 0.100000E-19
 0.100000E-19
 0.100000E-19
 0.100000E-19
 0.100000E-19
 0.100000E-19
 0.100000E-19
 0.100000E-19
 0.100000E-19
 0.100000E-19
 0.100000E-19
 0.100000E-19
 0.100000E-19
 0.100000E-19
 0.100000E-19
 0.100000E-19
 0.100000E-19
 0.100000E-19
 0.100000E-19
 0.100000E-19
 0.100000E-19
 0.100000E-19
 0.100000E-19
 0.100000E-19
 0.100000E-19
 0.100000E-19
 0.100000E-19
 0.100000E-19
 0.100000E-19
 0.100000E-19
 0.100000E-19
 0.100000E-19
 0.100000E-19
 0.100000E-19
 0.100000E-19
 0.100000E-19
 0.100000E-19
 0.100000E-19
 0.100000E-19
 0.100000E-19
 0.100000E-19
 0.100000E-19
 0.100000E-19
 0.100000E-19
 0.100000E-19
 0.100000E-19
 0.100000E-19
 0.100000E-19
 0.100000E-19
 0.100000E-19
 0.100000E-19
 0.100000E-19
 0.100000E-19
 0.100000E-19
 0.100000E-19
 0.100000E-19
 0.100000E-19
 0.100000E-19
 0.100000E-19
 0.100000E-19
 0.100000E-19
 0.100000E-19
 0.100000E-19
 0.100000E-19
 0.100000E-19
 0.100000E-19
 0.100000E-19
 0.100000E-19
 0.100000E-19
 0.100000E-19
 0.100000E-19
 0.100000E-19
 0.100000E-19
 0.100000E-19
 0.100000E-19
 0.100000E-19
 0.100000E-19
 0.100000E-19
 0.100000E-19
 0.100000E-19
 0.100000E-19
 0.100000E-19
 0.100000E-19
 0.100000E-19
 0.100000E-19
 0.100000E-19
 0.100000E-19
 0.100000E-19
 0.100000E-19
 0.100000E-19
 0.100000E-19
 0.100000E-19
