        1000           0

 0.100000E-27
 0.100000E-27
 0.100000E-27
 0.100000E-27
 0.336251E-11
 0.330969E-11
 0.325771E-11
 0.320654E-11
 0.315618E-11
 0.310661E-11
 0.305781E-11
 0.300978E-11
 0.296251E-11
 0.291598E-11
 0.287018E-11
 0.282510E-11
 0.278072E-11
 0.273705E-11
 0.269406E-11
 0.265174E-11
 0.261009E-11
 0.256910E-11
 0.252874E-11
 0.248903E-11
 0.244993E-11
 0.241145E-11
 0.237358E-11
 0.233629E-11
 0.229960E-11
 0.226348E-11
 0.222793E-11
 0.219293E-11
 0.215849E-11
 0.212459E-11
 0.209122E-11
 0.205837E-11
 0.202604E-11
 0.199422E-11
 0.196290E-11
 0.193207E-11
 0.190172E-11
 0.187185E-11
 0.184245E-11
 0.181351E-11
 0.178503E-11
 0.175699E-11
 0.172939E-11
 0.170223E-11
 0.167549E-11
 0.164918E-11
 0.162327E-11
 0.159778E-11
 0.157268E-11
 0.154798E-11
 0.152367E-11
 0.149973E-11
 0.147618E-11
 0.145299E-11
 0.143017E-11
 0.140771E-11
 0.138560E-11
 0.136383E-11
 0.134241E-11
 0.132133E-11
 0.130057E-11
 0.128015E-11
 0.126004E-11
 0.124025E-11
 0.122077E-11
 0.120159E-11
 0.118272E-11
 0.116414E-11
 0.114586E-11
 0.112786E-11
 0.111015E-11
 0.109271E-11
 0.107555E-11
 0.105865E-11
 0.104203E-11
 0.102566E-11
 0.100955E-11
 0.993693E-12
 0.978085E-12
 0.962723E-12
 0.947601E-12
 0.932718E-12
 0.918068E-12
 0.903648E-12
 0.889455E-12
 0.875484E-12
 0.861733E-12
 0.848198E-12
 0.834876E-12
 0.821763E-12
 0.808856E-12
 0.796151E-12
 0.783646E-12
 0.771338E-12
 0.759223E-12
 0.747298E-12
 0.735560E-12
 0.724007E-12
 0.712635E-12
 0.701442E-12
 0.690425E-12
 0.679580E-12
 0.668906E-12
 0.658400E-12
 0.648059E-12
 0.637880E-12
 0.627861E-12
 0.617999E-12
 0.608293E-12
 0.598738E-12
 0.589334E-12
 0.580078E-12
 0.570966E-12
 0.561998E-12
 0.553171E-12
 0.544483E-12
 0.535931E-12
 0.527513E-12
 0.519228E-12
 0.511072E-12
 0.503045E-12
 0.495144E-12
 0.487367E-12
 0.479712E-12
 0.472177E-12
 0.464761E-12
 0.457461E-12
 0.450276E-12
 0.443203E-12
 0.436242E-12
 0.429390E-12
 0.422646E-12
 0.416008E-12
 0.409473E-12
 0.403042E-12
 0.396711E-12
 0.390480E-12
 0.384347E-12
 0.378310E-12
 0.372368E-12
 0.366520E-12
 0.360763E-12
 0.355097E-12
 0.349519E-12
 0.344029E-12
 0.338626E-12
 0.333307E-12
 0.328072E-12
 0.322919E-12
 0.317847E-12
 0.312855E-12
 0.307941E-12
 0.303104E-12
 0.298343E-12
 0.293657E-12
 0.289045E-12
 0.284505E-12
 0.280036E-12
 0.275638E-12
 0.271309E-12
 0.267047E-12
 0.262853E-12
 0.258724E-12
 0.254660E-12
 0.250661E-12
 0.246724E-12
 0.242848E-12
 0.239034E-12
 0.235280E-12
 0.231584E-12
 0.227947E-12
 0.224366E-12
 0.220842E-12
 0.217374E-12
 0.213959E-12
 0.210599E-12
 0.207291E-12
 0.204035E-12
 0.200830E-12
 0.197676E-12
 0.194571E-12
 0.191515E-12
 0.188507E-12
 0.185546E-12
 0.182632E-12
 0.179763E-12
 0.176940E-12
 0.174161E-12
 0.171425E-12
 0.168733E-12
 0.166082E-12
 0.163474E-12
 0.160906E-12
 0.158379E-12
 0.155891E-12
 0.153443E-12
 0.151033E-12
 0.148660E-12
 0.146326E-12
 0.144027E-12
 0.141765E-12
 0.139538E-12
 0.137347E-12
 0.135189E-12
 0.133066E-12
 0.130976E-12
 0.128919E-12
 0.126894E-12
 0.124901E-12
 0.122939E-12
 0.121008E-12
 0.119107E-12
 0.117237E-12
 0.115395E-12
 0.113583E-12
 0.111799E-12
 0.110043E-12
 0.108314E-12
 0.106613E-12
 0.104939E-12
 0.103290E-12
 0.101668E-12
 0.100071E-12
 0.984993E-13
 0.969522E-13
 0.954294E-13
 0.939305E-13
 0.924552E-13
 0.910030E-13
 0.895737E-13
 0.881668E-13
 0.867820E-13
 0.854189E-13
 0.840773E-13
 0.827567E-13
 0.814568E-13
 0.801774E-13
 0.789181E-13
 0.776786E-13
 0.764585E-13
 0.752576E-13
 0.740755E-13
 0.729121E-13
 0.717668E-13
 0.706396E-13
 0.695301E-13
 0.684380E-13
 0.673631E-13
 0.663050E-13
 0.652636E-13
 0.642385E-13
 0.632295E-13
 0.622364E-13
 0.612589E-13
 0.602967E-13
 0.593497E-13
 0.584175E-13
 0.574999E-13
 0.565968E-13
 0.557078E-13
 0.548329E-13
 0.539716E-13
 0.531239E-13
 0.522895E-13
 0.514682E-13
 0.506598E-13
 0.498641E-13
 0.490809E-13
 0.483100E-13
 0.475512E-13
 0.468043E-13
 0.460692E-13
 0.453456E-13
 0.446334E-13
 0.439323E-13
 0.432423E-13
 0.425631E-13
 0.418946E-13
 0.412366E-13
 0.405889E-13
 0.399513E-13
 0.393238E-13
 0.387062E-13
 0.380982E-13
 0.374998E-13
 0.369108E-13
 0.363311E-13
 0.357605E-13
 0.351988E-13
 0.346459E-13
 0.341018E-13
 0.335661E-13
 0.330389E-13
 0.325200E-13
 0.320092E-13
 0.315064E-13
 0.310116E-13
 0.305245E-13
 0.300450E-13
 0.295731E-13
 0.291086E-13
 0.286514E-13
 0.282014E-13
 0.277585E-13
 0.273225E-13
 0.268933E-13
 0.264709E-13
 0.260552E-13
 0.256459E-13
 0.252431E-13
 0.248466E-13
 0.244564E-13
 0.240722E-13
 0.236941E-13
 0.233220E-13
 0.229557E-13
 0.225951E-13
 0.222402E-13
 0.218909E-13
 0.215471E-13
 0.212086E-13
 0.208755E-13
 0.205476E-13
 0.202249E-13
 0.199072E-13
 0.195945E-13
 0.192868E-13
 0.189838E-13
 0.186857E-13
 0.183922E-13
 0.181033E-13
 0.178190E-13
 0.175391E-13
 0.172636E-13
 0.169924E-13
 0.167256E-13
 0.164628E-13
 0.162043E-13
 0.159498E-13
 0.156992E-13
 0.154527E-13
 0.152099E-13
 0.149710E-13
 0.147359E-13
 0.145044E-13
 0.142766E-13
 0.140524E-13
 0.138317E-13
 0.136144E-13
 0.134006E-13
 0.131901E-13
 0.129829E-13
 0.127790E-13
 0.125783E-13
 0.123807E-13
 0.121863E-13
 0.119949E-13
 0.118065E-13
 0.116210E-13
 0.114385E-13
 0.112588E-13
 0.110820E-13
 0.109079E-13
 0.107366E-13
 0.105680E-13
 0.104020E-13
 0.102386E-13
 0.100778E-13
 0.100000E-27
 0.100000E-27
 0.100000E-27
 0.100000E-27
 0.100000E-27
 0.100000E-27
 0.100000E-27
 0.100000E-27
 0.100000E-27
 0.100000E-27
 0.100000E-27
 0.100000E-27
 0.100000E-27
 0.100000E-27
 0.100000E-27
 0.100000E-27
 0.100000E-27
 0.100000E-27
 0.100000E-27
 0.100000E-27
 0.100000E-27
 0.100000E-27
 0.100000E-27
 0.100000E-27
 0.100000E-27
 0.100000E-27
 0.100000E-27
 0.100000E-27
 0.100000E-27
 0.100000E-27
 0.100000E-27
 0.100000E-27
 0.100000E-27
 0.100000E-27
 0.100000E-27
 0.100000E-27
 0.100000E-27
 0.100000E-27
 0.100000E-27
 0.100000E-27
 0.100000E-27
 0.100000E-27
 0.100000E-27
 0.100000E-27
 0.100000E-27
 0.100000E-27
 0.100000E-27
 0.100000E-27
 0.100000E-27
 0.100000E-27
 0.100000E-27
 0.100000E-27
 0.100000E-27
 0.100000E-27
 0.100000E-27
 0.100000E-27
 0.100000E-27
 0.100000E-27
 0.100000E-27
 0.100000E-27
 0.100000E-27
 0.100000E-27
 0.100000E-27
 0.100000E-27
 0.100000E-27
 0.100000E-27
 0.100000E-27
 0.100000E-27
 0.100000E-27
 0.100000E-27
 0.100000E-27
 0.100000E-27
 0.100000E-27
 0.100000E-27
 0.100000E-27
 0.100000E-27
 0.100000E-27
 0.100000E-27
 0.100000E-27
 0.100000E-27
 0.100000E-27
 0.100000E-27
 0.100000E-27
 0.100000E-27
 0.100000E-27
 0.100000E-27
 0.100000E-27
 0.100000E-27
 0.100000E-27
 0.100000E-27
 0.100000E-27
 0.100000E-27
 0.100000E-27
 0.100000E-27
 0.100000E-27
 0.100000E-27
 0.100000E-27
 0.100000E-27
 0.100000E-27
 0.100000E-27
 0.100000E-27
 0.100000E-27
 0.100000E-27
 0.100000E-27
 0.100000E-27
 0.100000E-27
 0.100000E-27
 0.100000E-27
 0.100000E-27
 0.100000E-27
 0.100000E-27
 0.100000E-27
 0.100000E-27
 0.100000E-27
 0.100000E-27
 0.100000E-27
 0.100000E-27
 0.100000E-27
 0.100000E-27
 0.100000E-27
 0.100000E-27
 0.100000E-27
 0.100000E-27
 0.100000E-27
 0.100000E-27
 0.100000E-27
 0.100000E-27
 0.100000E-27
 0.100000E-27
 0.100000E-27
 0.100000E-27
 0.100000E-27
 0.100000E-27
 0.100000E-27
 0.100000E-27
 0.100000E-27
 0.100000E-27
 0.100000E-27
 0.100000E-27
 0.100000E-27
 0.100000E-27
 0.100000E-27
 0.100000E-27
 0.100000E-27
 0.100000E-27
 0.100000E-27
 0.100000E-27
 0.100000E-27
 0.100000E-27
 0.100000E-27
 0.100000E-27
 0.100000E-27
 0.100000E-27
 0.100000E-27
 0.100000E-27
 0.100000E-27
 0.100000E-27
 0.100000E-27
 0.100000E-27
 0.100000E-27
 0.100000E-27
 0.100000E-27
 0.100000E-27
 0.100000E-27
 0.100000E-27
 0.100000E-27
 0.100000E-27
 0.100000E-27
 0.100000E-27
 0.100000E-27
 0.100000E-27
 0.100000E-27
 0.100000E-27
 0.100000E-27
 0.100000E-27
 0.100000E-27
 0.100000E-27
 0.100000E-27
 0.100000E-27
 0.100000E-27
 0.100000E-27
 0.100000E-27
 0.100000E-27
 0.100000E-27
 0.100000E-27
 0.100000E-27
 0.100000E-27
 0.100000E-27
 0.100000E-27
 0.100000E-27
 0.100000E-27
 0.100000E-27
 0.100000E-27
 0.100000E-27
 0.100000E-27
 0.100000E-27
 0.100000E-27
 0.100000E-27
 0.100000E-27
 0.100000E-27
 0.100000E-27
 0.100000E-27
 0.100000E-27
 0.100000E-27
 0.100000E-27
 0.100000E-27
 0.100000E-27
 0.100000E-27
 0.100000E-27
 0.100000E-27
 0.100000E-27
 0.100000E-27
 0.100000E-27
 0.100000E-27
 0.100000E-27
 0.100000E-27
 0.100000E-27
 0.100000E-27
 0.100000E-27
 0.100000E-27
 0.100000E-27
 0.100000E-27
 0.100000E-27
 0.100000E-27
 0.100000E-27
 0.100000E-27
 0.100000E-27
 0.100000E-27
 0.100000E-27
 0.100000E-27
 0.100000E-27
 0.100000E-27
 0.100000E-27
 0.100000E-27
 0.100000E-27
 0.100000E-27
 0.100000E-27
 0.100000E-27
 0.100000E-27
 0.100000E-27
 0.100000E-27
 0.100000E-27
 0.100000E-27
 0.100000E-27
 0.100000E-27
 0.100000E-27
 0.100000E-27
 0.100000E-27
 0.100000E-27
 0.100000E-27
 0.100000E-27
 0.100000E-27
 0.100000E-27
 0.100000E-27
 0.100000E-27
 0.100000E-27
 0.100000E-27
 0.100000E-27
 0.100000E-27
 0.100000E-27
 0.100000E-27
 0.100000E-27
 0.100000E-27
 0.100000E-27
 0.100000E-27
 0.100000E-27
 0.100000E-27
 0.100000E-27
 0.100000E-27
 0.100000E-27
 0.100000E-27
 0.100000E-27
 0.100000E-27
 0.100000E-27
 0.100000E-27
 0.100000E-27
 0.100000E-27
 0.100000E-27
 0.100000E-27
 0.100000E-27
 0.100000E-27
 0.100000E-27
 0.100000E-27
 0.100000E-27
 0.100000E-27
 0.100000E-27
 0.100000E-27
 0.100000E-27
 0.100000E-27
 0.100000E-27
 0.100000E-27
 0.100000E-27
 0.100000E-27
 0.100000E-27
 0.100000E-27
 0.100000E-27
 0.100000E-27
 0.100000E-27
 0.100000E-27
 0.100000E-27
 0.100000E-27
 0.100000E-27
 0.100000E-27
 0.100000E-27
 0.100000E-27
 0.100000E-27
 0.100000E-27
 0.100000E-27
 0.100000E-27
 0.100000E-27
 0.100000E-27
 0.100000E-27
 0.100000E-27
 0.100000E-27
 0.100000E-27
 0.100000E-27
 0.100000E-27
 0.100000E-27
 0.100000E-27
 0.100000E-27
 0.100000E-27
 0.100000E-27
 0.100000E-27
 0.100000E-27
 0.100000E-27
 0.100000E-27
 0.100000E-27
 0.100000E-27
 0.100000E-27
 0.100000E-27
 0.100000E-27
 0.100000E-27
 0.100000E-27
 0.100000E-27
 0.100000E-27
 0.100000E-27
 0.100000E-27
 0.100000E-27
 0.100000E-27
 0.100000E-27
 0.100000E-27
 0.100000E-27
 0.100000E-27
 0.100000E-27
 0.100000E-27
 0.100000E-27
 0.100000E-27
 0.100000E-27
 0.100000E-27
 0.100000E-27
 0.100000E-27
 0.100000E-27
 0.100000E-27
 0.100000E-27
 0.100000E-27
 0.100000E-27
 0.100000E-27
 0.100000E-27
 0.100000E-27
 0.100000E-27
 0.100000E-27
 0.100000E-27
 0.100000E-27
 0.100000E-27
 0.100000E-27
 0.100000E-27
 0.100000E-27
 0.100000E-27
 0.100000E-27
 0.100000E-27
 0.100000E-27
 0.100000E-27
 0.100000E-27
 0.100000E-27
 0.100000E-27
 0.100000E-27
 0.100000E-27
 0.100000E-27
 0.100000E-27
 0.100000E-27
 0.100000E-27
 0.100000E-27
 0.100000E-27
 0.100000E-27
 0.100000E-27
 0.100000E-27
 0.100000E-27
 0.100000E-27
 0.100000E-27
 0.100000E-27
 0.100000E-27
 0.100000E-27
 0.100000E-27
 0.100000E-27
 0.100000E-27
 0.100000E-27
 0.100000E-27
 0.100000E-27
 0.100000E-27
 0.100000E-27
 0.100000E-27
 0.100000E-27
 0.100000E-27
 0.100000E-27
 0.100000E-27
 0.100000E-27
 0.100000E-27
 0.100000E-27
 0.100000E-27
 0.100000E-27
 0.100000E-27
 0.100000E-27
 0.100000E-27
 0.100000E-27
 0.100000E-27
 0.100000E-27
 0.100000E-27
 0.100000E-27
 0.100000E-27
 0.100000E-27
 0.100000E-27
 0.100000E-27
 0.100000E-27
 0.100000E-27
 0.100000E-27
 0.100000E-27
 0.100000E-27
 0.100000E-27
 0.100000E-27
 0.100000E-27
 0.100000E-27
 0.100000E-27
 0.100000E-27
 0.100000E-27
 0.100000E-27
 0.100000E-27
 0.100000E-27
 0.100000E-27
 0.100000E-27
 0.100000E-27
 0.100000E-27
 0.100000E-27
 0.100000E-27
 0.100000E-27
 0.100000E-27
 0.100000E-27
 0.100000E-27
 0.100000E-27
 0.100000E-27
 0.100000E-27
 0.100000E-27
 0.100000E-27
 0.100000E-27
 0.100000E-27
 0.100000E-27
 0.100000E-27
 0.100000E-27
 0.100000E-27
 0.100000E-27
 0.100000E-27
 0.100000E-27
 0.100000E-27
 0.100000E-27
 0.100000E-27
 0.100000E-27
 0.100000E-27
 0.100000E-27
 0.100000E-27
 0.100000E-27
 0.100000E-27
 0.100000E-27
 0.100000E-27
 0.100000E-27
 0.100000E-27
 0.100000E-27
 0.100000E-27
 0.100000E-27
 0.100000E-27
 0.100000E-27
 0.100000E-27
 0.100000E-27
 0.100000E-27
 0.100000E-27
 0.100000E-27
 0.100000E-27
 0.100000E-27
 0.100000E-27
 0.100000E-27
 0.100000E-27
 0.100000E-27
 0.100000E-27
 0.100000E-27
 0.100000E-27
 0.100000E-27
 0.100000E-27
 0.100000E-27
 0.100000E-27
 0.100000E-27
 0.100000E-27
 0.100000E-27
 0.100000E-27
 0.100000E-27
 0.100000E-27
 0.100000E-27
 0.100000E-27
 0.100000E-27
 0.100000E-27
 0.100000E-27
 0.100000E-27
 0.100000E-27
 0.100000E-27
 0.100000E-27
 0.100000E-27
 0.100000E-27
 0.100000E-27
 0.100000E-27
 0.100000E-27
 0.100000E-27
 0.100000E-27
 0.100000E-27
 0.100000E-27
 0.100000E-27
 0.100000E-27
 0.100000E-27
 0.100000E-27
 0.100000E-27
 0.100000E-27
 0.100000E-27
 0.100000E-27
 0.100000E-27
 0.100000E-27
 0.100000E-27
 0.100000E-27
 0.100000E-27
 0.100000E-27
 0.100000E-27
 0.100000E-27
 0.100000E-27
 0.100000E-27
 0.100000E-27
 0.100000E-27
 0.100000E-27
 0.100000E-27
 0.100000E-27
 0.100000E-27
 0.100000E-27
 0.100000E-27
 0.100000E-27
 0.100000E-27
 0.100000E-27
 0.100000E-27
 0.100000E-27
 0.100000E-27
 0.100000E-27
 0.100000E-27
 0.100000E-27
 0.100000E-27
 0.100000E-27
 0.100000E-27
 0.100000E-27
 0.100000E-27
 0.100000E-27
 0.100000E-27
 0.100000E-27
 0.100000E-27
 0.100000E-27
 0.100000E-27
 0.100000E-27
 0.100000E-27
 0.100000E-27
 0.100000E-27
 0.100000E-27
 0.100000E-27
 0.100000E-27
 0.100000E-27
 0.100000E-27
 0.100000E-27
 0.100000E-27
 0.100000E-27
 0.100000E-27
 0.100000E-27
 0.100000E-27
 0.100000E-27
 0.100000E-27
 0.100000E-27
 0.100000E-27
 0.100000E-27
 0.100000E-27
 0.100000E-27
 0.100000E-27
 0.100000E-27
 0.100000E-27
 0.100000E-27
 0.100000E-27
 0.100000E-27
 0.100000E-27
 0.100000E-27
 0.100000E-27
 0.100000E-27
 0.100000E-27
 0.100000E-27
 0.100000E-27
 0.100000E-27
 0.100000E-27
 0.100000E-27
 0.100000E-27
 0.100000E-27
 0.100000E-27
 0.100000E-27
 0.100000E-27
 0.100000E-27
 0.100000E-27
 0.100000E-27
 0.100000E-27
 0.100000E-27
 0.100000E-27
 0.100000E-27
 0.100000E-27
 0.100000E-27
 0.100000E-27
 0.100000E-27
 0.100000E-27
 0.100000E-27
 0.100000E-27
 0.100000E-27
 0.100000E-27
 0.100000E-27
 0.100000E-27
