        1400           0

 0.358233E-09
 0.354206E-09
 0.350224E-09
 0.346287E-09
 0.342394E-09
 0.338546E-09
 0.334740E-09
 0.330977E-09
 0.327256E-09
 0.323578E-09
 0.319940E-09
 0.316344E-09
 0.312788E-09
 0.309271E-09
 0.305795E-09
 0.302357E-09
 0.298959E-09
 0.295598E-09
 0.292275E-09
 0.288989E-09
 0.285741E-09
 0.282529E-09
 0.279353E-09
 0.276213E-09
 0.273108E-09
 0.270038E-09
 0.267002E-09
 0.264001E-09
 0.261033E-09
 0.258099E-09
 0.255197E-09
 0.252328E-09
 0.249492E-09
 0.246687E-09
 0.243914E-09
 0.241172E-09
 0.238461E-09
 0.235781E-09
 0.233130E-09
 0.230510E-09
 0.227918E-09
 0.225356E-09
 0.222823E-09
 0.220318E-09
 0.217842E-09
 0.215393E-09
 0.212972E-09
 0.210577E-09
 0.208210E-09
 0.205870E-09
 0.203556E-09
 0.201267E-09
 0.199005E-09
 0.196768E-09
 0.194556E-09
 0.192369E-09
 0.190206E-09
 0.188068E-09
 0.185954E-09
 0.183864E-09
 0.181797E-09
 0.179753E-09
 0.177733E-09
 0.175735E-09
 0.173759E-09
 0.171806E-09
 0.169875E-09
 0.167965E-09
 0.166077E-09
 0.164210E-09
 0.162364E-09
 0.160539E-09
 0.158734E-09
 0.156950E-09
 0.155186E-09
 0.153441E-09
 0.151716E-09
 0.150011E-09
 0.148324E-09
 0.146657E-09
 0.145009E-09
 0.143378E-09
 0.141767E-09
 0.140173E-09
 0.138597E-09
 0.137039E-09
 0.135499E-09
 0.133976E-09
 0.132470E-09
 0.130981E-09
 0.129508E-09
 0.128052E-09
 0.126613E-09
 0.125190E-09
 0.123782E-09
 0.122391E-09
 0.121015E-09
 0.119655E-09
 0.118310E-09
 0.116980E-09
 0.115665E-09
 0.114364E-09
 0.113079E-09
 0.111808E-09
 0.110551E-09
 0.109308E-09
 0.108079E-09
 0.106864E-09
 0.105663E-09
 0.104475E-09
 0.103301E-09
 0.102140E-09
 0.100992E-09
 0.998562E-10
 0.987337E-10
 0.976238E-10
 0.965264E-10
 0.954414E-10
 0.943685E-10
 0.933077E-10
 0.922588E-10
 0.912217E-10
 0.901962E-10
 0.891823E-10
 0.881798E-10
 0.871885E-10
 0.862084E-10
 0.852394E-10
 0.842812E-10
 0.833337E-10
 0.823970E-10
 0.814707E-10
 0.805549E-10
 0.796494E-10
 0.787540E-10
 0.778687E-10
 0.769934E-10
 0.761279E-10
 0.752721E-10
 0.744259E-10
 0.735893E-10
 0.727621E-10
 0.719441E-10
 0.711354E-10
 0.703358E-10
 0.695451E-10
 0.687633E-10
 0.679903E-10
 0.672260E-10
 0.664703E-10
 0.657231E-10
 0.649843E-10
 0.642538E-10
 0.635315E-10
 0.628174E-10
 0.621112E-10
 0.614130E-10
 0.607227E-10
 0.600401E-10
 0.593651E-10
 0.586978E-10
 0.580380E-10
 0.573855E-10
 0.567405E-10
 0.561026E-10
 0.554720E-10
 0.548484E-10
 0.542318E-10
 0.536222E-10
 0.530194E-10
 0.524234E-10
 0.518341E-10
 0.512514E-10
 0.506753E-10
 0.501057E-10
 0.495424E-10
 0.489855E-10
 0.484348E-10
 0.478904E-10
 0.473520E-10
 0.468197E-10
 0.462934E-10
 0.457730E-10
 0.452585E-10
 0.447497E-10
 0.442467E-10
 0.437493E-10
 0.432575E-10
 0.427712E-10
 0.422904E-10
 0.418150E-10
 0.413450E-10
 0.408802E-10
 0.404207E-10
 0.399663E-10
 0.395170E-10
 0.390728E-10
 0.386336E-10
 0.381993E-10
 0.377699E-10
 0.373453E-10
 0.369255E-10
 0.365104E-10
 0.361000E-10
 0.356942E-10
 0.352929E-10
 0.348962E-10
 0.345039E-10
 0.341160E-10
 0.337325E-10
 0.333533E-10
 0.329784E-10
 0.326077E-10
 0.322411E-10
 0.318787E-10
 0.315204E-10
 0.311660E-10
 0.308157E-10
 0.304693E-10
 0.301268E-10
 0.297881E-10
 0.294533E-10
 0.291222E-10
 0.287948E-10
 0.284711E-10
 0.281511E-10
 0.278346E-10
 0.275217E-10
 0.272123E-10
 0.269064E-10
 0.266040E-10
 0.263049E-10
 0.260092E-10
 0.257168E-10
 0.254277E-10
 0.251419E-10
 0.248593E-10
 0.245798E-10
 0.243035E-10
 0.240303E-10
 0.237602E-10
 0.234931E-10
 0.232290E-10
 0.229679E-10
 0.227097E-10
 0.224544E-10
 0.222020E-10
 0.219524E-10
 0.217057E-10
 0.214617E-10
 0.212204E-10
 0.209819E-10
 0.207460E-10
 0.205128E-10
 0.202822E-10
 0.200542E-10
 0.198288E-10
 0.196059E-10
 0.193855E-10
 0.191676E-10
 0.189521E-10
 0.187390E-10
 0.185284E-10
 0.183201E-10
 0.181142E-10
 0.179105E-10
 0.177092E-10
 0.175101E-10
 0.173133E-10
 0.171187E-10
 0.169262E-10
 0.167360E-10
 0.165478E-10
 0.163618E-10
 0.161779E-10
 0.159960E-10
 0.158162E-10
 0.156384E-10
 0.154626E-10
 0.152888E-10
 0.151169E-10
 0.149470E-10
 0.147790E-10
 0.146129E-10
 0.144486E-10
 0.142862E-10
 0.141256E-10
 0.139668E-10
 0.138098E-10
 0.136545E-10
 0.135011E-10
 0.133493E-10
 0.131992E-10
 0.130508E-10
 0.129041E-10
 0.127591E-10
 0.126157E-10
 0.124738E-10
 0.123336E-10
 0.121950E-10
 0.120579E-10
 0.119223E-10
 0.117883E-10
 0.116558E-10
 0.115248E-10
 0.113952E-10
 0.112671E-10
 0.111405E-10
 0.110152E-10
 0.108914E-10
 0.107690E-10
 0.106479E-10
 0.105282E-10
 0.104099E-10
 0.102929E-10
 0.101772E-10
 0.100628E-10
 0.994964E-11
 0.983779E-11
 0.972720E-11
 0.961786E-11
 0.950974E-11
 0.940284E-11
 0.929714E-11
 0.919263E-11
 0.908929E-11
 0.898712E-11
 0.888609E-11
 0.878620E-11
 0.868743E-11
 0.858978E-11
 0.849322E-11
 0.839774E-11
 0.830334E-11
 0.821000E-11
 0.811771E-11
 0.802646E-11
 0.793623E-11
 0.784702E-11
 0.775881E-11
 0.767159E-11
 0.758535E-11
 0.750008E-11
 0.741577E-11
 0.733241E-11
 0.724999E-11
 0.716849E-11
 0.708790E-11
 0.700823E-11
 0.692945E-11
 0.685155E-11
 0.677453E-11
 0.669838E-11
 0.662308E-11
 0.654863E-11
 0.647501E-11
 0.640223E-11
 0.633026E-11
 0.625910E-11
 0.618874E-11
 0.611917E-11
 0.605038E-11
 0.598237E-11
 0.591512E-11
 0.584863E-11
 0.578288E-11
 0.571787E-11
 0.565360E-11
 0.559004E-11
 0.552721E-11
 0.546507E-11
 0.540364E-11
 0.534290E-11
 0.528283E-11
 0.522345E-11
 0.516473E-11
 0.510667E-11
 0.504927E-11
 0.499251E-11
 0.493639E-11
 0.488090E-11
 0.482603E-11
 0.477178E-11
 0.471814E-11
 0.466510E-11
 0.461266E-11
 0.456081E-11
 0.450954E-11
 0.445884E-11
 0.440872E-11
 0.435916E-11
 0.431016E-11
 0.426171E-11
 0.421380E-11
 0.416643E-11
 0.411960E-11
 0.407329E-11
 0.402750E-11
 0.398223E-11
 0.393746E-11
 0.389320E-11
 0.384943E-11
 0.380616E-11
 0.376338E-11
 0.372107E-11
 0.367924E-11
 0.363788E-11
 0.359699E-11
 0.355655E-11
 0.351657E-11
 0.347704E-11
 0.343796E-11
 0.339931E-11
 0.336110E-11
 0.332331E-11
 0.328596E-11
 0.324902E-11
 0.321250E-11
 0.317638E-11
 0.314068E-11
 0.310537E-11
 0.307046E-11
 0.303595E-11
 0.300182E-11
 0.296808E-11
 0.293471E-11
 0.290172E-11
 0.286910E-11
 0.283685E-11
 0.280496E-11
 0.277343E-11
 0.274225E-11
 0.271143E-11
 0.268095E-11
 0.265081E-11
 0.262101E-11
 0.259155E-11
 0.256242E-11
 0.253361E-11
 0.250513E-11
 0.247697E-11
 0.244913E-11
 0.242159E-11
 0.239437E-11
 0.236746E-11
 0.234084E-11
 0.231453E-11
 0.228851E-11
 0.226279E-11
 0.223735E-11
 0.221220E-11
 0.218733E-11
 0.216274E-11
 0.213843E-11
 0.211439E-11
 0.209062E-11
 0.206712E-11
 0.204389E-11
 0.202091E-11
 0.199819E-11
 0.197573E-11
 0.195352E-11
 0.193156E-11
 0.190985E-11
 0.188838E-11
 0.186715E-11
 0.184616E-11
 0.182541E-11
 0.180489E-11
 0.178460E-11
 0.176454E-11
 0.174470E-11
 0.172509E-11
 0.170570E-11
 0.168652E-11
 0.166757E-11
 0.164882E-11
 0.163029E-11
 0.161196E-11
 0.159384E-11
 0.157592E-11
 0.155821E-11
 0.154069E-11
 0.152337E-11
 0.150625E-11
 0.148931E-11
 0.147257E-11
 0.145602E-11
 0.143965E-11
 0.142347E-11
 0.140747E-11
 0.139165E-11
 0.137600E-11
 0.136053E-11
 0.134524E-11
 0.133012E-11
 0.131517E-11
 0.130038E-11
 0.128576E-11
 0.127131E-11
 0.125702E-11
 0.124289E-11
 0.122892E-11
 0.121510E-11
 0.120144E-11
 0.118794E-11
 0.117458E-11
 0.116138E-11
 0.114832E-11
 0.113542E-11
 0.112265E-11
 0.111003E-11
 0.109755E-11
 0.108522E-11
 0.107302E-11
 0.106096E-11
 0.104903E-11
 0.103724E-11
 0.102558E-11
 0.101405E-11
 0.100265E-11
 0.100000E-19
 0.100000E-19
 0.100000E-19
 0.100000E-19
 0.100000E-19
 0.100000E-19
 0.100000E-19
 0.100000E-19
 0.100000E-19
 0.100000E-19
 0.100000E-19
 0.100000E-19
 0.100000E-19
 0.100000E-19
 0.100000E-19
 0.100000E-19
 0.100000E-19
 0.100000E-19
 0.100000E-19
 0.100000E-19
 0.100000E-19
 0.100000E-19
 0.100000E-19
 0.100000E-19
 0.100000E-19
 0.100000E-19
 0.100000E-19
 0.100000E-19
 0.100000E-19
 0.100000E-19
 0.100000E-19
 0.100000E-19
 0.100000E-19
 0.100000E-19
 0.100000E-19
 0.100000E-19
 0.100000E-19
 0.100000E-19
 0.100000E-19
 0.100000E-19
 0.100000E-19
 0.100000E-19
 0.100000E-19
 0.100000E-19
 0.100000E-19
 0.100000E-19
 0.100000E-19
 0.100000E-19
 0.100000E-19
 0.100000E-19
 0.100000E-19
 0.100000E-19
 0.100000E-19
 0.100000E-19
 0.100000E-19
 0.100000E-19
 0.100000E-19
 0.100000E-19
 0.100000E-19
 0.100000E-19
 0.100000E-19
 0.100000E-19
 0.100000E-19
 0.100000E-19
 0.100000E-19
 0.100000E-19
 0.100000E-19
 0.100000E-19
 0.100000E-19
 0.100000E-19
 0.100000E-19
 0.100000E-19
 0.100000E-19
 0.100000E-19
 0.100000E-19
 0.100000E-19
 0.100000E-19
 0.100000E-19
 0.100000E-19
 0.100000E-19
 0.100000E-19
 0.100000E-19
 0.100000E-19
 0.100000E-19
 0.100000E-19
 0.100000E-19
 0.100000E-19
 0.100000E-19
 0.100000E-19
 0.100000E-19
 0.100000E-19
 0.100000E-19
 0.100000E-19
 0.100000E-19
 0.100000E-19
 0.100000E-19
 0.100000E-19
 0.100000E-19
 0.100000E-19
 0.100000E-19
 0.100000E-19
 0.100000E-19
 0.100000E-19
 0.100000E-19
 0.100000E-19
 0.100000E-19
 0.100000E-19
 0.100000E-19
 0.100000E-19
 0.100000E-19
 0.100000E-19
 0.100000E-19
 0.100000E-19
 0.100000E-19
 0.100000E-19
 0.100000E-19
 0.100000E-19
 0.100000E-19
 0.100000E-19
 0.100000E-19
 0.100000E-19
 0.100000E-19
 0.100000E-19
 0.100000E-19
 0.100000E-19
 0.100000E-19
 0.100000E-19
 0.100000E-19
 0.100000E-19
 0.100000E-19
 0.100000E-19
 0.100000E-19
 0.100000E-19
 0.100000E-19
 0.100000E-19
 0.100000E-19
 0.100000E-19
 0.100000E-19
 0.100000E-19
 0.100000E-19
 0.100000E-19
 0.100000E-19
 0.100000E-19
 0.100000E-19
 0.100000E-19
 0.100000E-19
 0.100000E-19
 0.100000E-19
 0.100000E-19
 0.100000E-19
 0.100000E-19
 0.100000E-19
 0.100000E-19
 0.100000E-19
 0.100000E-19
 0.100000E-19
 0.100000E-19
 0.100000E-19
 0.100000E-19
 0.100000E-19
 0.100000E-19
 0.100000E-19
 0.100000E-19
 0.100000E-19
 0.100000E-19
 0.100000E-19
 0.100000E-19
 0.100000E-19
 0.100000E-19
 0.100000E-19
 0.100000E-19
 0.100000E-19
 0.100000E-19
 0.100000E-19
 0.100000E-19
 0.100000E-19
 0.100000E-19
 0.100000E-19
 0.100000E-19
 0.100000E-19
 0.100000E-19
 0.100000E-19
 0.100000E-19
 0.100000E-19
 0.100000E-19
 0.100000E-19
 0.100000E-19
 0.100000E-19
 0.100000E-19
 0.100000E-19
 0.100000E-19
 0.100000E-19
 0.100000E-19
 0.100000E-19
 0.100000E-19
 0.100000E-19
 0.100000E-19
 0.100000E-19
 0.100000E-19
 0.100000E-19
 0.100000E-19
 0.100000E-19
 0.100000E-19
 0.100000E-19
 0.100000E-19
 0.100000E-19
 0.100000E-19
 0.100000E-19
 0.100000E-19
 0.100000E-19
 0.100000E-19
 0.100000E-19
 0.100000E-19
 0.100000E-19
 0.100000E-19
 0.100000E-19
 0.100000E-19
 0.100000E-19
 0.100000E-19
 0.100000E-19
 0.100000E-19
 0.100000E-19
 0.100000E-19
 0.100000E-19
 0.100000E-19
 0.100000E-19
 0.100000E-19
 0.100000E-19
 0.100000E-19
 0.100000E-19
 0.100000E-19
 0.100000E-19
 0.100000E-19
 0.100000E-19
 0.100000E-19
 0.100000E-19
 0.100000E-19
 0.100000E-19
 0.100000E-19
 0.100000E-19
 0.100000E-19
 0.100000E-19
 0.100000E-19
 0.100000E-19
 0.100000E-19
 0.100000E-19
 0.100000E-19
 0.100000E-19
 0.100000E-19
 0.100000E-19
 0.100000E-19
 0.100000E-19
 0.100000E-19
 0.100000E-19
 0.100000E-19
 0.100000E-19
 0.100000E-19
 0.100000E-19
 0.100000E-19
 0.100000E-19
 0.100000E-19
 0.100000E-19
 0.100000E-19
 0.100000E-19
 0.100000E-19
 0.100000E-19
 0.100000E-19
 0.100000E-19
 0.100000E-19
 0.100000E-19
 0.100000E-19
 0.100000E-19
 0.100000E-19
 0.100000E-19
 0.100000E-19
 0.100000E-19
 0.100000E-19
 0.100000E-19
 0.100000E-19
 0.100000E-19
 0.100000E-19
 0.100000E-19
 0.100000E-19
 0.100000E-19
 0.100000E-19
 0.100000E-19
 0.100000E-19
 0.100000E-19
 0.100000E-19
 0.100000E-19
 0.100000E-19
 0.100000E-19
 0.100000E-19
 0.100000E-19
 0.100000E-19
 0.100000E-19
 0.100000E-19
 0.100000E-19
 0.100000E-19
 0.100000E-19
 0.100000E-19
 0.100000E-19
 0.100000E-19
 0.100000E-19
 0.100000E-19
 0.100000E-19
 0.100000E-19
 0.100000E-19
 0.100000E-19
 0.100000E-19
 0.100000E-19
 0.100000E-19
 0.100000E-19
 0.100000E-19
 0.100000E-19
 0.100000E-19
 0.100000E-19
 0.100000E-19
 0.100000E-19
 0.100000E-19
 0.100000E-19
 0.100000E-19
 0.100000E-19
 0.100000E-19
 0.100000E-19
 0.100000E-19
 0.100000E-19
 0.100000E-19
 0.100000E-19
 0.100000E-19
 0.100000E-19
 0.100000E-19
 0.100000E-19
 0.100000E-19
 0.100000E-19
 0.100000E-19
 0.100000E-19
 0.100000E-19
 0.100000E-19
 0.100000E-19
 0.100000E-19
 0.100000E-19
 0.100000E-19
 0.100000E-19
 0.100000E-19
 0.100000E-19
 0.100000E-19
 0.100000E-19
 0.100000E-19
 0.100000E-19
 0.100000E-19
 0.100000E-19
 0.100000E-19
 0.100000E-19
 0.100000E-19
 0.100000E-19
 0.100000E-19
 0.100000E-19
 0.100000E-19
 0.100000E-19
 0.100000E-19
 0.100000E-19
 0.100000E-19
 0.100000E-19
 0.100000E-19
 0.100000E-19
 0.100000E-19
 0.100000E-19
 0.100000E-19
 0.100000E-19
 0.100000E-19
 0.100000E-19
 0.100000E-19
 0.100000E-19
 0.100000E-19
 0.100000E-19
 0.100000E-19
 0.100000E-19
 0.100000E-19
 0.100000E-19
 0.100000E-19
 0.100000E-19
 0.100000E-19
 0.100000E-19
 0.100000E-19
 0.100000E-19
 0.100000E-19
 0.100000E-19
 0.100000E-19
 0.100000E-19
 0.100000E-19
 0.100000E-19
 0.100000E-19
 0.100000E-19
 0.100000E-19
 0.100000E-19
 0.100000E-19
 0.100000E-19
 0.100000E-19
 0.100000E-19
 0.100000E-19
 0.100000E-19
 0.100000E-19
 0.100000E-19
 0.100000E-19
 0.100000E-19
 0.100000E-19
 0.100000E-19
 0.100000E-19
 0.100000E-19
 0.100000E-19
 0.100000E-19
 0.100000E-19
 0.100000E-19
 0.100000E-19
 0.100000E-19
 0.100000E-19
 0.100000E-19
 0.100000E-19
 0.100000E-19
 0.100000E-19
 0.100000E-19
 0.100000E-19
 0.100000E-19
 0.100000E-19
 0.100000E-19
 0.100000E-19
 0.100000E-19
 0.100000E-19
 0.100000E-19
 0.100000E-19
 0.100000E-19
 0.100000E-19
 0.100000E-19
 0.100000E-19
 0.100000E-19
 0.100000E-19
 0.100000E-19
 0.100000E-19
 0.100000E-19
 0.100000E-19
 0.100000E-19
 0.100000E-19
 0.100000E-19
 0.100000E-19
 0.100000E-19
 0.100000E-19
 0.100000E-19
 0.100000E-19
 0.100000E-19
 0.100000E-19
 0.100000E-19
 0.100000E-19
 0.100000E-19
 0.100000E-19
 0.100000E-19
 0.100000E-19
 0.100000E-19
 0.100000E-19
 0.100000E-19
 0.100000E-19
 0.100000E-19
 0.100000E-19
 0.100000E-19
 0.100000E-19
 0.100000E-19
 0.100000E-19
 0.100000E-19
 0.100000E-19
 0.100000E-19
 0.100000E-19
 0.100000E-19
 0.100000E-19
 0.100000E-19
 0.100000E-19
 0.100000E-19
 0.100000E-19
 0.100000E-19
 0.100000E-19
 0.100000E-19
 0.100000E-19
 0.100000E-19
 0.100000E-19
 0.100000E-19
 0.100000E-19
 0.100000E-19
 0.100000E-19
 0.100000E-19
 0.100000E-19
 0.100000E-19
 0.100000E-19
 0.100000E-19
 0.100000E-19
 0.100000E-19
 0.100000E-19
 0.100000E-19
 0.100000E-19
 0.100000E-19
 0.100000E-19
 0.100000E-19
 0.100000E-19
 0.100000E-19
 0.100000E-19
 0.100000E-19
 0.100000E-19
 0.100000E-19
 0.100000E-19
 0.100000E-19
 0.100000E-19
 0.100000E-19
 0.100000E-19
 0.100000E-19
 0.100000E-19
 0.100000E-19
 0.100000E-19
 0.100000E-19
 0.100000E-19
 0.100000E-19
 0.100000E-19
 0.100000E-19
 0.100000E-19
 0.100000E-19
 0.100000E-19
 0.100000E-19
 0.100000E-19
 0.100000E-19
 0.100000E-19
 0.100000E-19
 0.100000E-19
 0.100000E-19
 0.100000E-19
 0.100000E-19
 0.100000E-19
 0.100000E-19
 0.100000E-19
 0.100000E-19
 0.100000E-19
 0.100000E-19
 0.100000E-19
 0.100000E-19
 0.100000E-19
 0.100000E-19
 0.100000E-19
 0.100000E-19
 0.100000E-19
 0.100000E-19
 0.100000E-19
 0.100000E-19
 0.100000E-19
 0.100000E-19
 0.100000E-19
 0.100000E-19
 0.100000E-19
 0.100000E-19
 0.100000E-19
 0.100000E-19
 0.100000E-19
 0.100000E-19
 0.100000E-19
 0.100000E-19
 0.100000E-19
 0.100000E-19
 0.100000E-19
 0.100000E-19
 0.100000E-19
 0.100000E-19
 0.100000E-19
 0.100000E-19
 0.100000E-19
 0.100000E-19
 0.100000E-19
 0.100000E-19
 0.100000E-19
 0.100000E-19
 0.100000E-19
 0.100000E-19
 0.100000E-19
 0.100000E-19
 0.100000E-19
 0.100000E-19
 0.100000E-19
 0.100000E-19
 0.100000E-19
 0.100000E-19
 0.100000E-19
 0.100000E-19
 0.100000E-19
 0.100000E-19
 0.100000E-19
 0.100000E-19
 0.100000E-19
 0.100000E-19
 0.100000E-19
 0.100000E-19
 0.100000E-19
 0.100000E-19
 0.100000E-19
 0.100000E-19
 0.100000E-19
 0.100000E-19
 0.100000E-19
 0.100000E-19
 0.100000E-19
 0.100000E-19
 0.100000E-19
 0.100000E-19
 0.100000E-19
 0.100000E-19
 0.100000E-19
 0.100000E-19
 0.100000E-19
 0.100000E-19
 0.100000E-19
 0.100000E-19
 0.100000E-19
 0.100000E-19
 0.100000E-19
 0.100000E-19
 0.100000E-19
 0.100000E-19
 0.100000E-19
 0.100000E-19
 0.100000E-19
 0.100000E-19
 0.100000E-19
 0.100000E-19
 0.100000E-19
 0.100000E-19
 0.100000E-19
 0.100000E-19
 0.100000E-19
 0.100000E-19
 0.100000E-19
 0.100000E-19
 0.100000E-19
 0.100000E-19
 0.100000E-19
 0.100000E-19
 0.100000E-19
 0.100000E-19
 0.100000E-19
 0.100000E-19
 0.100000E-19
 0.100000E-19
 0.100000E-19
 0.100000E-19
 0.100000E-19
 0.100000E-19
 0.100000E-19
 0.100000E-19
 0.100000E-19
 0.100000E-19
 0.100000E-19
 0.100000E-19
 0.100000E-19
 0.100000E-19
 0.100000E-19
 0.100000E-19
 0.100000E-19
 0.100000E-19
 0.100000E-19
 0.100000E-19
 0.100000E-19
 0.100000E-19
 0.100000E-19
 0.100000E-19
 0.100000E-19
 0.100000E-19
 0.100000E-19
 0.100000E-19
 0.100000E-19
 0.100000E-19
 0.100000E-19
 0.100000E-19
 0.100000E-19
 0.100000E-19
 0.100000E-19
 0.100000E-19
 0.100000E-19
 0.100000E-19
 0.100000E-19
 0.100000E-19
 0.100000E-19
 0.100000E-19
 0.100000E-19
 0.100000E-19
 0.100000E-19
 0.100000E-19
 0.100000E-19
 0.100000E-19
 0.100000E-19
 0.100000E-19
 0.100000E-19
 0.100000E-19
 0.100000E-19
 0.100000E-19
 0.100000E-19
 0.100000E-19
 0.100000E-19
 0.100000E-19
 0.100000E-19
 0.100000E-19
 0.100000E-19
 0.100000E-19
 0.100000E-19
 0.100000E-19
 0.100000E-19
 0.100000E-19
 0.100000E-19
 0.100000E-19
 0.100000E-19
 0.100000E-19
 0.100000E-19
 0.100000E-19
 0.100000E-19
 0.100000E-19
 0.100000E-19
 0.100000E-19
 0.100000E-19
 0.100000E-19
 0.100000E-19
 0.100000E-19
 0.100000E-19
 0.100000E-19
 0.100000E-19
 0.100000E-19
 0.100000E-19
 0.100000E-19
 0.100000E-19
 0.100000E-19
 0.100000E-19
 0.100000E-19
 0.100000E-19
 0.100000E-19
 0.100000E-19
 0.100000E-19
 0.100000E-19
 0.100000E-19
 0.100000E-19
 0.100000E-19
 0.100000E-19
 0.100000E-19
 0.100000E-19
 0.100000E-19
 0.100000E-19
 0.100000E-19
 0.100000E-19
 0.100000E-19
 0.100000E-19
 0.100000E-19
 0.100000E-19
 0.100000E-19
 0.100000E-19
 0.100000E-19
 0.100000E-19
 0.100000E-19
 0.100000E-19
 0.100000E-19
 0.100000E-19
 0.100000E-19
 0.100000E-19
 0.100000E-19
 0.100000E-19
 0.100000E-19
 0.100000E-19
 0.100000E-19
 0.100000E-19
 0.100000E-19
 0.100000E-19
 0.100000E-19
 0.100000E-19
 0.100000E-19
 0.100000E-19
 0.100000E-19
 0.100000E-19
 0.100000E-19
 0.100000E-19
 0.100000E-19
 0.100000E-19
 0.100000E-19
 0.100000E-19
 0.100000E-19
 0.100000E-19
 0.100000E-19
 0.100000E-19
 0.100000E-19
 0.100000E-19
 0.100000E-19
 0.100000E-19
 0.100000E-19
 0.100000E-19
 0.100000E-19
 0.100000E-19
 0.100000E-19
 0.100000E-19
 0.100000E-19
 0.100000E-19
 0.100000E-19
 0.100000E-19
 0.100000E-19
 0.100000E-19
 0.100000E-19
 0.100000E-19
 0.100000E-19
 0.100000E-19
 0.100000E-19
 0.100000E-19
 0.100000E-19
 0.100000E-19
 0.100000E-19
 0.100000E-19
 0.100000E-19
 0.100000E-19
 0.100000E-19
 0.100000E-19
 0.100000E-19
 0.100000E-19
 0.100000E-19
 0.100000E-19
 0.100000E-19
 0.100000E-19
 0.100000E-19
 0.100000E-19
 0.100000E-19
 0.100000E-19
 0.100000E-19
 0.100000E-19
 0.100000E-19
 0.100000E-19
 0.100000E-19
 0.100000E-19
 0.100000E-19
 0.100000E-19
 0.100000E-19
 0.100000E-19
 0.100000E-19
 0.100000E-19
 0.100000E-19
 0.100000E-19
 0.100000E-19
 0.100000E-19
 0.100000E-19
 0.100000E-19
 0.100000E-19
 0.100000E-19
 0.100000E-19
 0.100000E-19
 0.100000E-19
 0.100000E-19
 0.100000E-19
 0.100000E-19
 0.100000E-19
 0.100000E-19
 0.100000E-19
 0.100000E-19
 0.100000E-19
 0.100000E-19
 0.100000E-19
 0.100000E-19
 0.100000E-19
 0.100000E-19
 0.100000E-19
 0.100000E-19
 0.100000E-19
 0.100000E-19
 0.100000E-19
 0.100000E-19
 0.100000E-19
 0.100000E-19
 0.100000E-19
 0.100000E-19
 0.100000E-19
 0.100000E-19
 0.100000E-19
 0.100000E-19
 0.100000E-19
 0.100000E-19
 0.100000E-19
 0.100000E-19
