        1400           0

 0.500000E-28
 0.500000E-28
 0.500000E-28
 0.500000E-28
 0.171197E-11
 0.169273E-11
 0.167370E-11
 0.165488E-11
 0.163628E-11
 0.161789E-11
 0.159970E-11
 0.158172E-11
 0.156394E-11
 0.154636E-11
 0.152897E-11
 0.151179E-11
 0.149479E-11
 0.147799E-11
 0.146137E-11
 0.144495E-11
 0.142870E-11
 0.141264E-11
 0.139676E-11
 0.138106E-11
 0.136554E-11
 0.135019E-11
 0.133501E-11
 0.132000E-11
 0.130516E-11
 0.129049E-11
 0.127599E-11
 0.126164E-11
 0.124746E-11
 0.123344E-11
 0.121957E-11
 0.120586E-11
 0.119231E-11
 0.117890E-11
 0.116565E-11
 0.115255E-11
 0.113959E-11
 0.112678E-11
 0.111412E-11
 0.110159E-11
 0.108921E-11
 0.107696E-11
 0.106486E-11
 0.105289E-11
 0.104105E-11
 0.102935E-11
 0.101778E-11
 0.100634E-11
 0.995024E-12
 0.983839E-12
 0.972779E-12
 0.961844E-12
 0.951032E-12
 0.940341E-12
 0.929771E-12
 0.919319E-12
 0.908985E-12
 0.898766E-12
 0.888663E-12
 0.878674E-12
 0.868796E-12
 0.859030E-12
 0.849373E-12
 0.839825E-12
 0.830385E-12
 0.821050E-12
 0.811821E-12
 0.802695E-12
 0.793671E-12
 0.784750E-12
 0.775928E-12
 0.767206E-12
 0.758581E-12
 0.750054E-12
 0.741622E-12
 0.733286E-12
 0.725043E-12
 0.716892E-12
 0.708834E-12
 0.700865E-12
 0.692987E-12
 0.685197E-12
 0.677494E-12
 0.669878E-12
 0.662348E-12
 0.654903E-12
 0.647541E-12
 0.640262E-12
 0.633064E-12
 0.625948E-12
 0.618911E-12
 0.611954E-12
 0.605075E-12
 0.598273E-12
 0.591548E-12
 0.584898E-12
 0.578323E-12
 0.571822E-12
 0.565394E-12
 0.559038E-12
 0.552754E-12
 0.546541E-12
 0.540397E-12
 0.534322E-12
 0.528316E-12
 0.522377E-12
 0.516505E-12
 0.510698E-12
 0.504958E-12
 0.499281E-12
 0.493669E-12
 0.488119E-12
 0.482632E-12
 0.477207E-12
 0.471842E-12
 0.466538E-12
 0.461294E-12
 0.456108E-12
 0.450981E-12
 0.445912E-12
 0.440899E-12
 0.435943E-12
 0.431042E-12
 0.426197E-12
 0.421406E-12
 0.416669E-12
 0.411985E-12
 0.407354E-12
 0.402774E-12
 0.398247E-12
 0.393770E-12
 0.389344E-12
 0.384967E-12
 0.380639E-12
 0.376360E-12
 0.372130E-12
 0.367947E-12
 0.363810E-12
 0.359721E-12
 0.355677E-12
 0.351679E-12
 0.347725E-12
 0.343817E-12
 0.339952E-12
 0.336130E-12
 0.332352E-12
 0.328616E-12
 0.324922E-12
 0.321269E-12
 0.317658E-12
 0.314087E-12
 0.310556E-12
 0.307065E-12
 0.303613E-12
 0.300200E-12
 0.296826E-12
 0.293489E-12
 0.290190E-12
 0.286928E-12
 0.283702E-12
 0.280513E-12
 0.277360E-12
 0.274242E-12
 0.271159E-12
 0.268111E-12
 0.265097E-12
 0.262117E-12
 0.259171E-12
 0.256257E-12
 0.253377E-12
 0.250528E-12
 0.247712E-12
 0.244927E-12
 0.242174E-12
 0.239452E-12
 0.236760E-12
 0.234099E-12
 0.231467E-12
 0.228865E-12
 0.226292E-12
 0.223749E-12
 0.221233E-12
 0.218746E-12
 0.216287E-12
 0.213856E-12
 0.211452E-12
 0.209075E-12
 0.206725E-12
 0.204401E-12
 0.202103E-12
 0.199831E-12
 0.197585E-12
 0.195364E-12
 0.193168E-12
 0.190996E-12
 0.188849E-12
 0.186726E-12
 0.184627E-12
 0.182552E-12
 0.180500E-12
 0.178471E-12
 0.176465E-12
 0.174481E-12
 0.172520E-12
 0.170580E-12
 0.168663E-12
 0.166767E-12
 0.164892E-12
 0.163038E-12
 0.161206E-12
 0.159394E-12
 0.157602E-12
 0.155830E-12
 0.154078E-12
 0.152346E-12
 0.150634E-12
 0.148941E-12
 0.147266E-12
 0.145611E-12
 0.143974E-12
 0.142356E-12
 0.140755E-12
 0.139173E-12
 0.137609E-12
 0.136062E-12
 0.134532E-12
 0.133020E-12
 0.131525E-12
 0.130046E-12
 0.128584E-12
 0.127139E-12
 0.125710E-12
 0.124296E-12
 0.122899E-12
 0.121518E-12
 0.120152E-12
 0.118801E-12
 0.117466E-12
 0.116145E-12
 0.114839E-12
 0.113549E-12
 0.112272E-12
 0.111010E-12
 0.109762E-12
 0.108528E-12
 0.107308E-12
 0.106102E-12
 0.104909E-12
 0.103730E-12
 0.102564E-12
 0.101411E-12
 0.100271E-12
 0.991438E-13
 0.980293E-13
 0.969274E-13
 0.958378E-13
 0.947604E-13
 0.936952E-13
 0.926420E-13
 0.916006E-13
 0.905709E-13
 0.895527E-13
 0.885461E-13
 0.875507E-13
 0.865665E-13
 0.855934E-13
 0.846312E-13
 0.836799E-13
 0.827392E-13
 0.818091E-13
 0.808895E-13
 0.799802E-13
 0.790811E-13
 0.781921E-13
 0.773132E-13
 0.764441E-13
 0.755847E-13
 0.747351E-13
 0.738950E-13
 0.730643E-13
 0.722430E-13
 0.714309E-13
 0.706279E-13
 0.698340E-13
 0.690489E-13
 0.682727E-13
 0.675053E-13
 0.667464E-13
 0.659961E-13
 0.652542E-13
 0.645207E-13
 0.637954E-13
 0.630783E-13
 0.623692E-13
 0.616681E-13
 0.609749E-13
 0.602894E-13
 0.596117E-13
 0.589416E-13
 0.582790E-13
 0.576239E-13
 0.569761E-13
 0.563357E-13
 0.557024E-13
 0.550762E-13
 0.544571E-13
 0.538449E-13
 0.532396E-13
 0.526412E-13
 0.520494E-13
 0.514643E-13
 0.508858E-13
 0.503138E-13
 0.497482E-13
 0.491890E-13
 0.486360E-13
 0.480893E-13
 0.475487E-13
 0.470142E-13
 0.464857E-13
 0.459631E-13
 0.454465E-13
 0.449356E-13
 0.444305E-13
 0.439310E-13
 0.434372E-13
 0.429489E-13
 0.424661E-13
 0.419887E-13
 0.415167E-13
 0.410500E-13
 0.405886E-13
 0.401323E-13
 0.396812E-13
 0.392351E-13
 0.387940E-13
 0.383579E-13
 0.379268E-13
 0.375004E-13
 0.370789E-13
 0.366621E-13
 0.362499E-13
 0.358424E-13
 0.354395E-13
 0.350411E-13
 0.346472E-13
 0.342578E-13
 0.338727E-13
 0.334919E-13
 0.331154E-13
 0.327431E-13
 0.323751E-13
 0.320111E-13
 0.316513E-13
 0.312955E-13
 0.309437E-13
 0.305958E-13
 0.302519E-13
 0.299118E-13
 0.295756E-13
 0.292431E-13
 0.289144E-13
 0.285894E-13
 0.282680E-13
 0.279502E-13
 0.276360E-13
 0.273254E-13
 0.270182E-13
 0.267145E-13
 0.264142E-13
 0.261172E-13
 0.258237E-13
 0.255334E-13
 0.252463E-13
 0.249625E-13
 0.246819E-13
 0.244045E-13
 0.241301E-13
 0.238589E-13
 0.235907E-13
 0.233255E-13
 0.230633E-13
 0.228040E-13
 0.225477E-13
 0.222942E-13
 0.220436E-13
 0.217958E-13
 0.215508E-13
 0.213085E-13
 0.210690E-13
 0.208322E-13
 0.205980E-13
 0.203664E-13
 0.201375E-13
 0.199111E-13
 0.196873E-13
 0.194660E-13
 0.192472E-13
 0.190308E-13
 0.188169E-13
 0.186054E-13
 0.183962E-13
 0.181894E-13
 0.179849E-13
 0.177828E-13
 0.175829E-13
 0.173852E-13
 0.171898E-13
 0.169966E-13
 0.168055E-13
 0.166166E-13
 0.164298E-13
 0.162451E-13
 0.160625E-13
 0.158819E-13
 0.157034E-13
 0.155269E-13
 0.153523E-13
 0.151797E-13
 0.150091E-13
 0.148404E-13
 0.146736E-13
 0.145086E-13
 0.143455E-13
 0.141843E-13
 0.140248E-13
 0.138671E-13
 0.137113E-13
 0.135571E-13
 0.134047E-13
 0.132540E-13
 0.131051E-13
 0.129577E-13
 0.128121E-13
 0.126681E-13
 0.125257E-13
 0.123848E-13
 0.122456E-13
 0.121080E-13
 0.119719E-13
 0.118373E-13
 0.117042E-13
 0.115726E-13
 0.114426E-13
 0.113139E-13
 0.111867E-13
 0.110610E-13
 0.109367E-13
 0.108137E-13
 0.106922E-13
 0.105720E-13
 0.104531E-13
 0.103356E-13
 0.102194E-13
 0.101046E-13
 0.999096E-14
 0.987865E-14
 0.976760E-14
 0.965780E-14
 0.954924E-14
 0.944189E-14
 0.933576E-14
 0.923081E-14
 0.912705E-14
 0.902445E-14
 0.892300E-14
 0.882269E-14
 0.872352E-14
 0.862545E-14
 0.852849E-14
 0.843262E-14
 0.833783E-14
 0.824410E-14
 0.815143E-14
 0.805980E-14
 0.796919E-14
 0.787961E-14
 0.779103E-14
 0.770345E-14
 0.761686E-14
 0.753124E-14
 0.744657E-14
 0.736287E-14
 0.728010E-14
 0.719826E-14
 0.711734E-14
 0.703734E-14
 0.695823E-14
 0.688001E-14
 0.680267E-14
 0.672620E-14
 0.665059E-14
 0.657583E-14
 0.650191E-14
 0.642882E-14
 0.635655E-14
 0.628510E-14
 0.621444E-14
 0.614459E-14
 0.607551E-14
 0.600722E-14
 0.593969E-14
 0.587292E-14
 0.580690E-14
 0.574162E-14
 0.567708E-14
 0.561326E-14
 0.555016E-14
 0.548777E-14
 0.542608E-14
 0.536509E-14
 0.530478E-14
 0.524515E-14
 0.518618E-14
 0.512788E-14
 0.507024E-14
 0.501324E-14
 0.500000E-28
 0.500000E-28
 0.500000E-28
 0.500000E-28
 0.500000E-28
 0.500000E-28
 0.500000E-28
 0.500000E-28
 0.500000E-28
 0.500000E-28
 0.500000E-28
 0.500000E-28
 0.500000E-28
 0.500000E-28
 0.500000E-28
 0.500000E-28
 0.500000E-28
 0.500000E-28
 0.500000E-28
 0.500000E-28
 0.500000E-28
 0.500000E-28
 0.500000E-28
 0.500000E-28
 0.500000E-28
 0.500000E-28
 0.500000E-28
 0.500000E-28
 0.500000E-28
 0.500000E-28
 0.500000E-28
 0.500000E-28
 0.500000E-28
 0.500000E-28
 0.500000E-28
 0.500000E-28
 0.500000E-28
 0.500000E-28
 0.500000E-28
 0.500000E-28
 0.500000E-28
 0.500000E-28
 0.500000E-28
 0.500000E-28
 0.500000E-28
 0.500000E-28
 0.500000E-28
 0.500000E-28
 0.500000E-28
 0.500000E-28
 0.500000E-28
 0.500000E-28
 0.500000E-28
 0.500000E-28
 0.500000E-28
 0.500000E-28
 0.500000E-28
 0.500000E-28
 0.500000E-28
 0.500000E-28
 0.500000E-28
 0.500000E-28
 0.500000E-28
 0.500000E-28
 0.500000E-28
 0.500000E-28
 0.500000E-28
 0.500000E-28
 0.500000E-28
 0.500000E-28
 0.500000E-28
 0.500000E-28
 0.500000E-28
 0.500000E-28
 0.500000E-28
 0.500000E-28
 0.500000E-28
 0.500000E-28
 0.500000E-28
 0.500000E-28
 0.500000E-28
 0.500000E-28
 0.500000E-28
 0.500000E-28
 0.500000E-28
 0.500000E-28
 0.500000E-28
 0.500000E-28
 0.500000E-28
 0.500000E-28
 0.500000E-28
 0.500000E-28
 0.500000E-28
 0.500000E-28
 0.500000E-28
 0.500000E-28
 0.500000E-28
 0.500000E-28
 0.500000E-28
 0.500000E-28
 0.500000E-28
 0.500000E-28
 0.500000E-28
 0.500000E-28
 0.500000E-28
 0.500000E-28
 0.500000E-28
 0.500000E-28
 0.500000E-28
 0.500000E-28
 0.500000E-28
 0.500000E-28
 0.500000E-28
 0.500000E-28
 0.500000E-28
 0.500000E-28
 0.500000E-28
 0.500000E-28
 0.500000E-28
 0.500000E-28
 0.500000E-28
 0.500000E-28
 0.500000E-28
 0.500000E-28
 0.500000E-28
 0.500000E-28
 0.500000E-28
 0.500000E-28
 0.500000E-28
 0.500000E-28
 0.500000E-28
 0.500000E-28
 0.500000E-28
 0.500000E-28
 0.500000E-28
 0.500000E-28
 0.500000E-28
 0.500000E-28
 0.500000E-28
 0.500000E-28
 0.500000E-28
 0.500000E-28
 0.500000E-28
 0.500000E-28
 0.500000E-28
 0.500000E-28
 0.500000E-28
 0.500000E-28
 0.500000E-28
 0.500000E-28
 0.500000E-28
 0.500000E-28
 0.500000E-28
 0.500000E-28
 0.500000E-28
 0.500000E-28
 0.500000E-28
 0.500000E-28
 0.500000E-28
 0.500000E-28
 0.500000E-28
 0.500000E-28
 0.500000E-28
 0.500000E-28
 0.500000E-28
 0.500000E-28
 0.500000E-28
 0.500000E-28
 0.500000E-28
 0.500000E-28
 0.500000E-28
 0.500000E-28
 0.500000E-28
 0.500000E-28
 0.500000E-28
 0.500000E-28
 0.500000E-28
 0.500000E-28
 0.500000E-28
 0.500000E-28
 0.500000E-28
 0.500000E-28
 0.500000E-28
 0.500000E-28
 0.500000E-28
 0.500000E-28
 0.500000E-28
 0.500000E-28
 0.500000E-28
 0.500000E-28
 0.500000E-28
 0.500000E-28
 0.500000E-28
 0.500000E-28
 0.500000E-28
 0.500000E-28
 0.500000E-28
 0.500000E-28
 0.500000E-28
 0.500000E-28
 0.500000E-28
 0.500000E-28
 0.500000E-28
 0.500000E-28
 0.500000E-28
 0.500000E-28
 0.500000E-28
 0.500000E-28
 0.500000E-28
 0.500000E-28
 0.500000E-28
 0.500000E-28
 0.500000E-28
 0.500000E-28
 0.500000E-28
 0.500000E-28
 0.500000E-28
 0.500000E-28
 0.500000E-28
 0.500000E-28
 0.500000E-28
 0.500000E-28
 0.500000E-28
 0.500000E-28
 0.500000E-28
 0.500000E-28
 0.500000E-28
 0.500000E-28
 0.500000E-28
 0.500000E-28
 0.500000E-28
 0.500000E-28
 0.500000E-28
 0.500000E-28
 0.500000E-28
 0.500000E-28
 0.500000E-28
 0.500000E-28
 0.500000E-28
 0.500000E-28
 0.500000E-28
 0.500000E-28
 0.500000E-28
 0.500000E-28
 0.500000E-28
 0.500000E-28
 0.500000E-28
 0.500000E-28
 0.500000E-28
 0.500000E-28
 0.500000E-28
 0.500000E-28
 0.500000E-28
 0.500000E-28
 0.500000E-28
 0.500000E-28
 0.500000E-28
 0.500000E-28
 0.500000E-28
 0.500000E-28
 0.500000E-28
 0.500000E-28
 0.500000E-28
 0.500000E-28
 0.500000E-28
 0.500000E-28
 0.500000E-28
 0.500000E-28
 0.500000E-28
 0.500000E-28
 0.500000E-28
 0.500000E-28
 0.500000E-28
 0.500000E-28
 0.500000E-28
 0.500000E-28
 0.500000E-28
 0.500000E-28
 0.500000E-28
 0.500000E-28
 0.500000E-28
 0.500000E-28
 0.500000E-28
 0.500000E-28
 0.500000E-28
 0.500000E-28
 0.500000E-28
 0.500000E-28
 0.500000E-28
 0.500000E-28
 0.500000E-28
 0.500000E-28
 0.500000E-28
 0.500000E-28
 0.500000E-28
 0.500000E-28
 0.500000E-28
 0.500000E-28
 0.500000E-28
 0.500000E-28
 0.500000E-28
 0.500000E-28
 0.500000E-28
 0.500000E-28
 0.500000E-28
 0.500000E-28
 0.500000E-28
 0.500000E-28
 0.500000E-28
 0.500000E-28
 0.500000E-28
 0.500000E-28
 0.500000E-28
 0.500000E-28
 0.500000E-28
 0.500000E-28
 0.500000E-28
 0.500000E-28
 0.500000E-28
 0.500000E-28
 0.500000E-28
 0.500000E-28
 0.500000E-28
 0.500000E-28
 0.500000E-28
 0.500000E-28
 0.500000E-28
 0.500000E-28
 0.500000E-28
 0.500000E-28
 0.500000E-28
 0.500000E-28
 0.500000E-28
 0.500000E-28
 0.500000E-28
 0.500000E-28
 0.500000E-28
 0.500000E-28
 0.500000E-28
 0.500000E-28
 0.500000E-28
 0.500000E-28
 0.500000E-28
 0.500000E-28
 0.500000E-28
 0.500000E-28
 0.500000E-28
 0.500000E-28
 0.500000E-28
 0.500000E-28
 0.500000E-28
 0.500000E-28
 0.500000E-28
 0.500000E-28
 0.500000E-28
 0.500000E-28
 0.500000E-28
 0.500000E-28
 0.500000E-28
 0.500000E-28
 0.500000E-28
 0.500000E-28
 0.500000E-28
 0.500000E-28
 0.500000E-28
 0.500000E-28
 0.500000E-28
 0.500000E-28
 0.500000E-28
 0.500000E-28
 0.500000E-28
 0.500000E-28
 0.500000E-28
 0.500000E-28
 0.500000E-28
 0.500000E-28
 0.500000E-28
 0.500000E-28
 0.500000E-28
 0.500000E-28
 0.500000E-28
 0.500000E-28
 0.500000E-28
 0.500000E-28
 0.500000E-28
 0.500000E-28
 0.500000E-28
 0.500000E-28
 0.500000E-28
 0.500000E-28
 0.500000E-28
 0.500000E-28
 0.500000E-28
 0.500000E-28
 0.500000E-28
 0.500000E-28
 0.500000E-28
 0.500000E-28
 0.500000E-28
 0.500000E-28
 0.500000E-28
 0.500000E-28
 0.500000E-28
 0.500000E-28
 0.500000E-28
 0.500000E-28
 0.500000E-28
 0.500000E-28
 0.500000E-28
 0.500000E-28
 0.500000E-28
 0.500000E-28
 0.500000E-28
 0.500000E-28
 0.500000E-28
 0.500000E-28
 0.500000E-28
 0.500000E-28
 0.500000E-28
 0.500000E-28
 0.500000E-28
 0.500000E-28
 0.500000E-28
 0.500000E-28
 0.500000E-28
 0.500000E-28
 0.500000E-28
 0.500000E-28
 0.500000E-28
 0.500000E-28
 0.500000E-28
 0.500000E-28
 0.500000E-28
 0.500000E-28
 0.500000E-28
 0.500000E-28
 0.500000E-28
 0.500000E-28
 0.500000E-28
 0.500000E-28
 0.500000E-28
 0.500000E-28
 0.500000E-28
 0.500000E-28
 0.500000E-28
 0.500000E-28
 0.500000E-28
 0.500000E-28
 0.500000E-28
 0.500000E-28
 0.500000E-28
 0.500000E-28
 0.500000E-28
 0.500000E-28
 0.500000E-28
 0.500000E-28
 0.500000E-28
 0.500000E-28
 0.500000E-28
 0.500000E-28
 0.500000E-28
 0.500000E-28
 0.500000E-28
 0.500000E-28
 0.500000E-28
 0.500000E-28
 0.500000E-28
 0.500000E-28
 0.500000E-28
 0.500000E-28
 0.500000E-28
 0.500000E-28
 0.500000E-28
 0.500000E-28
 0.500000E-28
 0.500000E-28
 0.500000E-28
 0.500000E-28
 0.500000E-28
 0.500000E-28
 0.500000E-28
 0.500000E-28
 0.500000E-28
 0.500000E-28
 0.500000E-28
 0.500000E-28
 0.500000E-28
 0.500000E-28
 0.500000E-28
 0.500000E-28
 0.500000E-28
 0.500000E-28
 0.500000E-28
 0.500000E-28
 0.500000E-28
 0.500000E-28
 0.500000E-28
 0.500000E-28
 0.500000E-28
 0.500000E-28
 0.500000E-28
 0.500000E-28
 0.500000E-28
 0.500000E-28
 0.500000E-28
 0.500000E-28
 0.500000E-28
 0.500000E-28
 0.500000E-28
 0.500000E-28
 0.500000E-28
 0.500000E-28
 0.500000E-28
 0.500000E-28
 0.500000E-28
 0.500000E-28
 0.500000E-28
 0.500000E-28
 0.500000E-28
 0.500000E-28
 0.500000E-28
 0.500000E-28
 0.500000E-28
 0.500000E-28
 0.500000E-28
 0.500000E-28
 0.500000E-28
 0.500000E-28
 0.500000E-28
 0.500000E-28
 0.500000E-28
 0.500000E-28
 0.500000E-28
 0.500000E-28
 0.500000E-28
 0.500000E-28
 0.500000E-28
 0.500000E-28
 0.500000E-28
 0.500000E-28
 0.500000E-28
 0.500000E-28
 0.500000E-28
 0.500000E-28
 0.500000E-28
 0.500000E-28
 0.500000E-28
 0.500000E-28
 0.500000E-28
 0.500000E-28
 0.500000E-28
 0.500000E-28
 0.500000E-28
 0.500000E-28
 0.500000E-28
 0.500000E-28
 0.500000E-28
 0.500000E-28
 0.500000E-28
 0.500000E-28
 0.500000E-28
 0.500000E-28
 0.500000E-28
 0.500000E-28
 0.500000E-28
 0.500000E-28
 0.500000E-28
 0.500000E-28
 0.500000E-28
 0.500000E-28
 0.500000E-28
 0.500000E-28
 0.500000E-28
 0.500000E-28
 0.500000E-28
 0.500000E-28
 0.500000E-28
 0.500000E-28
 0.500000E-28
 0.500000E-28
 0.500000E-28
 0.500000E-28
 0.500000E-28
 0.500000E-28
 0.500000E-28
 0.500000E-28
 0.500000E-28
 0.500000E-28
 0.500000E-28
 0.500000E-28
 0.500000E-28
 0.500000E-28
 0.500000E-28
 0.500000E-28
 0.500000E-28
 0.500000E-28
 0.500000E-28
 0.500000E-28
 0.500000E-28
 0.500000E-28
 0.500000E-28
 0.500000E-28
 0.500000E-28
 0.500000E-28
 0.500000E-28
 0.500000E-28
 0.500000E-28
 0.500000E-28
 0.500000E-28
 0.500000E-28
 0.500000E-28
 0.500000E-28
 0.500000E-28
 0.500000E-28
 0.500000E-28
 0.500000E-28
 0.500000E-28
 0.500000E-28
 0.500000E-28
 0.500000E-28
 0.500000E-28
 0.500000E-28
 0.500000E-28
 0.500000E-28
 0.500000E-28
 0.500000E-28
 0.500000E-28
 0.500000E-28
 0.500000E-28
 0.500000E-28
 0.500000E-28
 0.500000E-28
 0.500000E-28
 0.500000E-28
 0.500000E-28
 0.500000E-28
 0.500000E-28
 0.500000E-28
 0.500000E-28
 0.500000E-28
 0.500000E-28
 0.500000E-28
 0.500000E-28
 0.500000E-28
 0.500000E-28
 0.500000E-28
 0.500000E-28
 0.500000E-28
 0.500000E-28
 0.500000E-28
 0.500000E-28
 0.500000E-28
 0.500000E-28
 0.500000E-28
 0.500000E-28
 0.500000E-28
 0.500000E-28
 0.500000E-28
 0.500000E-28
 0.500000E-28
 0.500000E-28
 0.500000E-28
 0.500000E-28
 0.500000E-28
 0.500000E-28
 0.500000E-28
 0.500000E-28
 0.500000E-28
 0.500000E-28
 0.500000E-28
 0.500000E-28
 0.500000E-28
 0.500000E-28
 0.500000E-28
 0.500000E-28
 0.500000E-28
 0.500000E-28
 0.500000E-28
 0.500000E-28
 0.500000E-28
 0.500000E-28
 0.500000E-28
 0.500000E-28
 0.500000E-28
 0.500000E-28
 0.500000E-28
 0.500000E-28
 0.500000E-28
 0.500000E-28
 0.500000E-28
 0.500000E-28
 0.500000E-28
 0.500000E-28
 0.500000E-28
 0.500000E-28
 0.500000E-28
 0.500000E-28
 0.500000E-28
 0.500000E-28
 0.500000E-28
 0.500000E-28
 0.500000E-28
 0.500000E-28
 0.500000E-28
 0.500000E-28
 0.500000E-28
 0.500000E-28
 0.500000E-28
 0.500000E-28
 0.500000E-28
 0.500000E-28
 0.500000E-28
 0.500000E-28
 0.500000E-28
 0.500000E-28
 0.500000E-28
 0.500000E-28
 0.500000E-28
 0.500000E-28
 0.500000E-28
 0.500000E-28
 0.500000E-28
 0.500000E-28
 0.500000E-28
 0.500000E-28
 0.500000E-28
 0.500000E-28
 0.500000E-28
 0.500000E-28
 0.500000E-28
 0.500000E-28
 0.500000E-28
 0.500000E-28
 0.500000E-28
 0.500000E-28
 0.500000E-28
 0.500000E-28
 0.500000E-28
 0.500000E-28
 0.500000E-28
 0.500000E-28
 0.500000E-28
 0.500000E-28
 0.500000E-28
 0.500000E-28
 0.500000E-28
 0.500000E-28
 0.500000E-28
 0.500000E-28
 0.500000E-28
 0.500000E-28
 0.500000E-28
 0.500000E-28
 0.500000E-28
 0.500000E-28
 0.500000E-28
 0.500000E-28
 0.500000E-28
 0.500000E-28
 0.500000E-28
 0.500000E-28
 0.500000E-28
 0.500000E-28
 0.500000E-28
 0.500000E-28
 0.500000E-28
 0.500000E-28
 0.500000E-28
 0.500000E-28
 0.500000E-28
 0.500000E-28
 0.500000E-28
 0.500000E-28
 0.500000E-28
 0.500000E-28
 0.500000E-28
 0.500000E-28
 0.500000E-28
 0.500000E-28
 0.500000E-28
 0.500000E-28
 0.500000E-28
 0.500000E-28
 0.500000E-28
 0.500000E-28
 0.500000E-28
 0.500000E-28
 0.500000E-28
 0.500000E-28
 0.500000E-28
 0.500000E-28
 0.500000E-28
 0.500000E-28
 0.500000E-28
 0.500000E-28
 0.500000E-28
 0.500000E-28
 0.500000E-28
 0.500000E-28
 0.500000E-28
 0.500000E-28
 0.500000E-28
 0.500000E-28
 0.500000E-28
 0.500000E-28
 0.500000E-28
 0.500000E-28
 0.500000E-28
 0.500000E-28
 0.500000E-28
 0.500000E-28
 0.500000E-28
 0.500000E-28
 0.500000E-28
 0.500000E-28
 0.500000E-28
 0.500000E-28
 0.500000E-28
 0.500000E-28
 0.500000E-28
 0.500000E-28
 0.500000E-28
 0.500000E-28
 0.500000E-28
 0.500000E-28
 0.500000E-28
 0.500000E-28
 0.500000E-28
 0.500000E-28
 0.500000E-28
 0.500000E-28
 0.500000E-28
 0.500000E-28
 0.500000E-28
 0.500000E-28
 0.500000E-28
 0.500000E-28
 0.500000E-28
 0.500000E-28
 0.500000E-28
 0.500000E-28
 0.500000E-28
 0.500000E-28
 0.500000E-28
 0.500000E-28
 0.500000E-28
 0.500000E-28
 0.500000E-28
 0.500000E-28
 0.500000E-28
 0.500000E-28
 0.500000E-28
 0.500000E-28
 0.500000E-28
 0.500000E-28
 0.500000E-28
 0.500000E-28
 0.500000E-28
 0.500000E-28
 0.500000E-28
 0.500000E-28
 0.500000E-28
 0.500000E-28
 0.500000E-28
 0.500000E-28
 0.500000E-28
 0.500000E-28
 0.500000E-28
 0.500000E-28
 0.500000E-28
 0.500000E-28
 0.500000E-28
 0.500000E-28
 0.500000E-28
 0.500000E-28
 0.500000E-28
 0.500000E-28
 0.500000E-28
 0.500000E-28
