        1400           0

 0.100000E-27
 0.100000E-27
 0.100000E-27
 0.100000E-27
 0.342394E-11
 0.338546E-11
 0.334740E-11
 0.330977E-11
 0.327256E-11
 0.323578E-11
 0.319940E-11
 0.316344E-11
 0.312788E-11
 0.309271E-11
 0.305795E-11
 0.302357E-11
 0.298959E-11
 0.295598E-11
 0.292275E-11
 0.288989E-11
 0.285741E-11
 0.282529E-11
 0.279353E-11
 0.276213E-11
 0.273108E-11
 0.270038E-11
 0.267002E-11
 0.264001E-11
 0.261033E-11
 0.258099E-11
 0.255197E-11
 0.252328E-11
 0.249492E-11
 0.246687E-11
 0.243914E-11
 0.241172E-11
 0.238461E-11
 0.235781E-11
 0.233130E-11
 0.230510E-11
 0.227918E-11
 0.225356E-11
 0.222823E-11
 0.220318E-11
 0.217842E-11
 0.215393E-11
 0.212972E-11
 0.210577E-11
 0.208210E-11
 0.205870E-11
 0.203556E-11
 0.201267E-11
 0.199005E-11
 0.196768E-11
 0.194556E-11
 0.192369E-11
 0.190206E-11
 0.188068E-11
 0.185954E-11
 0.183864E-11
 0.181797E-11
 0.179753E-11
 0.177733E-11
 0.175735E-11
 0.173759E-11
 0.171806E-11
 0.169875E-11
 0.167965E-11
 0.166077E-11
 0.164210E-11
 0.162364E-11
 0.160539E-11
 0.158734E-11
 0.156950E-11
 0.155186E-11
 0.153441E-11
 0.151716E-11
 0.150011E-11
 0.148324E-11
 0.146657E-11
 0.145009E-11
 0.143378E-11
 0.141767E-11
 0.140173E-11
 0.138597E-11
 0.137039E-11
 0.135499E-11
 0.133976E-11
 0.132470E-11
 0.130981E-11
 0.129508E-11
 0.128052E-11
 0.126613E-11
 0.125190E-11
 0.123782E-11
 0.122391E-11
 0.121015E-11
 0.119655E-11
 0.118310E-11
 0.116980E-11
 0.115665E-11
 0.114364E-11
 0.113079E-11
 0.111808E-11
 0.110551E-11
 0.109308E-11
 0.108079E-11
 0.106864E-11
 0.105663E-11
 0.104475E-11
 0.103301E-11
 0.102140E-11
 0.100992E-11
 0.998562E-12
 0.987337E-12
 0.976238E-12
 0.965264E-12
 0.954414E-12
 0.943685E-12
 0.933077E-12
 0.922588E-12
 0.912217E-12
 0.901962E-12
 0.891823E-12
 0.881798E-12
 0.871885E-12
 0.862084E-12
 0.852394E-12
 0.842812E-12
 0.833337E-12
 0.823970E-12
 0.814707E-12
 0.805549E-12
 0.796494E-12
 0.787540E-12
 0.778687E-12
 0.769934E-12
 0.761279E-12
 0.752721E-12
 0.744259E-12
 0.735893E-12
 0.727621E-12
 0.719441E-12
 0.711354E-12
 0.703358E-12
 0.695451E-12
 0.687633E-12
 0.679903E-12
 0.672260E-12
 0.664703E-12
 0.657231E-12
 0.649843E-12
 0.642538E-12
 0.635315E-12
 0.628174E-12
 0.621112E-12
 0.614130E-12
 0.607227E-12
 0.600401E-12
 0.593651E-12
 0.586978E-12
 0.580380E-12
 0.573855E-12
 0.567405E-12
 0.561026E-12
 0.554720E-12
 0.548484E-12
 0.542318E-12
 0.536222E-12
 0.530194E-12
 0.524234E-12
 0.518341E-12
 0.512514E-12
 0.506753E-12
 0.501057E-12
 0.495424E-12
 0.489855E-12
 0.484348E-12
 0.478904E-12
 0.473520E-12
 0.468197E-12
 0.462934E-12
 0.457730E-12
 0.452585E-12
 0.447497E-12
 0.442467E-12
 0.437493E-12
 0.432575E-12
 0.427712E-12
 0.422904E-12
 0.418150E-12
 0.413450E-12
 0.408802E-12
 0.404207E-12
 0.399663E-12
 0.395170E-12
 0.390728E-12
 0.386336E-12
 0.381993E-12
 0.377699E-12
 0.373453E-12
 0.369255E-12
 0.365104E-12
 0.361000E-12
 0.356942E-12
 0.352929E-12
 0.348962E-12
 0.345039E-12
 0.341160E-12
 0.337325E-12
 0.333533E-12
 0.329784E-12
 0.326077E-12
 0.322411E-12
 0.318787E-12
 0.315204E-12
 0.311660E-12
 0.308157E-12
 0.304693E-12
 0.301268E-12
 0.297881E-12
 0.294533E-12
 0.291222E-12
 0.287948E-12
 0.284711E-12
 0.281511E-12
 0.278346E-12
 0.275217E-12
 0.272123E-12
 0.269064E-12
 0.266040E-12
 0.263049E-12
 0.260092E-12
 0.257168E-12
 0.254277E-12
 0.251419E-12
 0.248593E-12
 0.245798E-12
 0.243035E-12
 0.240303E-12
 0.237602E-12
 0.234931E-12
 0.232290E-12
 0.229679E-12
 0.227097E-12
 0.224544E-12
 0.222020E-12
 0.219524E-12
 0.217057E-12
 0.214617E-12
 0.212204E-12
 0.209819E-12
 0.207460E-12
 0.205128E-12
 0.202822E-12
 0.200542E-12
 0.198288E-12
 0.196059E-12
 0.193855E-12
 0.191676E-12
 0.189521E-12
 0.187390E-12
 0.185284E-12
 0.183201E-12
 0.181142E-12
 0.179105E-12
 0.177092E-12
 0.175101E-12
 0.173133E-12
 0.171187E-12
 0.169262E-12
 0.167360E-12
 0.165478E-12
 0.163618E-12
 0.161779E-12
 0.159960E-12
 0.158162E-12
 0.156384E-12
 0.154626E-12
 0.152888E-12
 0.151169E-12
 0.149470E-12
 0.147790E-12
 0.146129E-12
 0.144486E-12
 0.142862E-12
 0.141256E-12
 0.139668E-12
 0.138098E-12
 0.136545E-12
 0.135011E-12
 0.133493E-12
 0.131992E-12
 0.130508E-12
 0.129041E-12
 0.127591E-12
 0.126157E-12
 0.124738E-12
 0.123336E-12
 0.121950E-12
 0.120579E-12
 0.119223E-12
 0.117883E-12
 0.116558E-12
 0.115248E-12
 0.113952E-12
 0.112671E-12
 0.111405E-12
 0.110152E-12
 0.108914E-12
 0.107690E-12
 0.106479E-12
 0.105282E-12
 0.104099E-12
 0.102929E-12
 0.101772E-12
 0.100628E-12
 0.994964E-13
 0.983779E-13
 0.972720E-13
 0.961786E-13
 0.950974E-13
 0.940284E-13
 0.929714E-13
 0.919263E-13
 0.908929E-13
 0.898712E-13
 0.888609E-13
 0.878620E-13
 0.868743E-13
 0.858978E-13
 0.849322E-13
 0.839774E-13
 0.830334E-13
 0.821000E-13
 0.811771E-13
 0.802646E-13
 0.793623E-13
 0.784702E-13
 0.775881E-13
 0.767159E-13
 0.758535E-13
 0.750008E-13
 0.741577E-13
 0.733241E-13
 0.724999E-13
 0.716849E-13
 0.708790E-13
 0.700823E-13
 0.692945E-13
 0.685155E-13
 0.677453E-13
 0.669838E-13
 0.662308E-13
 0.654863E-13
 0.647501E-13
 0.640223E-13
 0.633026E-13
 0.625910E-13
 0.618874E-13
 0.611917E-13
 0.605038E-13
 0.598237E-13
 0.591512E-13
 0.584863E-13
 0.578288E-13
 0.571787E-13
 0.565360E-13
 0.559004E-13
 0.552721E-13
 0.546507E-13
 0.540364E-13
 0.534290E-13
 0.528283E-13
 0.522345E-13
 0.516473E-13
 0.510667E-13
 0.504927E-13
 0.499251E-13
 0.493639E-13
 0.488090E-13
 0.482603E-13
 0.477178E-13
 0.471814E-13
 0.466510E-13
 0.461266E-13
 0.456081E-13
 0.450954E-13
 0.445884E-13
 0.440872E-13
 0.435916E-13
 0.431016E-13
 0.426171E-13
 0.421380E-13
 0.416643E-13
 0.411960E-13
 0.407329E-13
 0.402750E-13
 0.398223E-13
 0.393746E-13
 0.389320E-13
 0.384943E-13
 0.380616E-13
 0.376338E-13
 0.372107E-13
 0.367924E-13
 0.363788E-13
 0.359699E-13
 0.355655E-13
 0.351657E-13
 0.347704E-13
 0.343796E-13
 0.339931E-13
 0.336110E-13
 0.332331E-13
 0.328596E-13
 0.324902E-13
 0.321250E-13
 0.317638E-13
 0.314068E-13
 0.310537E-13
 0.307046E-13
 0.303595E-13
 0.300182E-13
 0.296808E-13
 0.293471E-13
 0.290172E-13
 0.286910E-13
 0.283685E-13
 0.280496E-13
 0.277343E-13
 0.274225E-13
 0.271143E-13
 0.268095E-13
 0.265081E-13
 0.262101E-13
 0.259155E-13
 0.256242E-13
 0.253361E-13
 0.250513E-13
 0.247697E-13
 0.244913E-13
 0.242159E-13
 0.239437E-13
 0.236746E-13
 0.234084E-13
 0.231453E-13
 0.228851E-13
 0.226279E-13
 0.223735E-13
 0.221220E-13
 0.218733E-13
 0.216274E-13
 0.213843E-13
 0.211439E-13
 0.209062E-13
 0.206712E-13
 0.204389E-13
 0.202091E-13
 0.199819E-13
 0.197573E-13
 0.195352E-13
 0.193156E-13
 0.190985E-13
 0.188838E-13
 0.186715E-13
 0.184616E-13
 0.182541E-13
 0.180489E-13
 0.178460E-13
 0.176454E-13
 0.174470E-13
 0.172509E-13
 0.170570E-13
 0.168652E-13
 0.166757E-13
 0.164882E-13
 0.163029E-13
 0.161196E-13
 0.159384E-13
 0.157592E-13
 0.155821E-13
 0.154069E-13
 0.152337E-13
 0.150625E-13
 0.148931E-13
 0.147257E-13
 0.145602E-13
 0.143965E-13
 0.142347E-13
 0.140747E-13
 0.139165E-13
 0.137600E-13
 0.136053E-13
 0.134524E-13
 0.133012E-13
 0.131517E-13
 0.130038E-13
 0.128576E-13
 0.127131E-13
 0.125702E-13
 0.124289E-13
 0.122892E-13
 0.121510E-13
 0.120144E-13
 0.118794E-13
 0.117458E-13
 0.116138E-13
 0.114832E-13
 0.113542E-13
 0.112265E-13
 0.111003E-13
 0.109755E-13
 0.108522E-13
 0.107302E-13
 0.106096E-13
 0.104903E-13
 0.103724E-13
 0.102558E-13
 0.101405E-13
 0.100265E-13
 0.100000E-27
 0.100000E-27
 0.100000E-27
 0.100000E-27
 0.100000E-27
 0.100000E-27
 0.100000E-27
 0.100000E-27
 0.100000E-27
 0.100000E-27
 0.100000E-27
 0.100000E-27
 0.100000E-27
 0.100000E-27
 0.100000E-27
 0.100000E-27
 0.100000E-27
 0.100000E-27
 0.100000E-27
 0.100000E-27
 0.100000E-27
 0.100000E-27
 0.100000E-27
 0.100000E-27
 0.100000E-27
 0.100000E-27
 0.100000E-27
 0.100000E-27
 0.100000E-27
 0.100000E-27
 0.100000E-27
 0.100000E-27
 0.100000E-27
 0.100000E-27
 0.100000E-27
 0.100000E-27
 0.100000E-27
 0.100000E-27
 0.100000E-27
 0.100000E-27
 0.100000E-27
 0.100000E-27
 0.100000E-27
 0.100000E-27
 0.100000E-27
 0.100000E-27
 0.100000E-27
 0.100000E-27
 0.100000E-27
 0.100000E-27
 0.100000E-27
 0.100000E-27
 0.100000E-27
 0.100000E-27
 0.100000E-27
 0.100000E-27
 0.100000E-27
 0.100000E-27
 0.100000E-27
 0.100000E-27
 0.100000E-27
 0.100000E-27
 0.100000E-27
 0.100000E-27
 0.100000E-27
 0.100000E-27
 0.100000E-27
 0.100000E-27
 0.100000E-27
 0.100000E-27
 0.100000E-27
 0.100000E-27
 0.100000E-27
 0.100000E-27
 0.100000E-27
 0.100000E-27
 0.100000E-27
 0.100000E-27
 0.100000E-27
 0.100000E-27
 0.100000E-27
 0.100000E-27
 0.100000E-27
 0.100000E-27
 0.100000E-27
 0.100000E-27
 0.100000E-27
 0.100000E-27
 0.100000E-27
 0.100000E-27
 0.100000E-27
 0.100000E-27
 0.100000E-27
 0.100000E-27
 0.100000E-27
 0.100000E-27
 0.100000E-27
 0.100000E-27
 0.100000E-27
 0.100000E-27
 0.100000E-27
 0.100000E-27
 0.100000E-27
 0.100000E-27
 0.100000E-27
 0.100000E-27
 0.100000E-27
 0.100000E-27
 0.100000E-27
 0.100000E-27
 0.100000E-27
 0.100000E-27
 0.100000E-27
 0.100000E-27
 0.100000E-27
 0.100000E-27
 0.100000E-27
 0.100000E-27
 0.100000E-27
 0.100000E-27
 0.100000E-27
 0.100000E-27
 0.100000E-27
 0.100000E-27
 0.100000E-27
 0.100000E-27
 0.100000E-27
 0.100000E-27
 0.100000E-27
 0.100000E-27
 0.100000E-27
 0.100000E-27
 0.100000E-27
 0.100000E-27
 0.100000E-27
 0.100000E-27
 0.100000E-27
 0.100000E-27
 0.100000E-27
 0.100000E-27
 0.100000E-27
 0.100000E-27
 0.100000E-27
 0.100000E-27
 0.100000E-27
 0.100000E-27
 0.100000E-27
 0.100000E-27
 0.100000E-27
 0.100000E-27
 0.100000E-27
 0.100000E-27
 0.100000E-27
 0.100000E-27
 0.100000E-27
 0.100000E-27
 0.100000E-27
 0.100000E-27
 0.100000E-27
 0.100000E-27
 0.100000E-27
 0.100000E-27
 0.100000E-27
 0.100000E-27
 0.100000E-27
 0.100000E-27
 0.100000E-27
 0.100000E-27
 0.100000E-27
 0.100000E-27
 0.100000E-27
 0.100000E-27
 0.100000E-27
 0.100000E-27
 0.100000E-27
 0.100000E-27
 0.100000E-27
 0.100000E-27
 0.100000E-27
 0.100000E-27
 0.100000E-27
 0.100000E-27
 0.100000E-27
 0.100000E-27
 0.100000E-27
 0.100000E-27
 0.100000E-27
 0.100000E-27
 0.100000E-27
 0.100000E-27
 0.100000E-27
 0.100000E-27
 0.100000E-27
 0.100000E-27
 0.100000E-27
 0.100000E-27
 0.100000E-27
 0.100000E-27
 0.100000E-27
 0.100000E-27
 0.100000E-27
 0.100000E-27
 0.100000E-27
 0.100000E-27
 0.100000E-27
 0.100000E-27
 0.100000E-27
 0.100000E-27
 0.100000E-27
 0.100000E-27
 0.100000E-27
 0.100000E-27
 0.100000E-27
 0.100000E-27
 0.100000E-27
 0.100000E-27
 0.100000E-27
 0.100000E-27
 0.100000E-27
 0.100000E-27
 0.100000E-27
 0.100000E-27
 0.100000E-27
 0.100000E-27
 0.100000E-27
 0.100000E-27
 0.100000E-27
 0.100000E-27
 0.100000E-27
 0.100000E-27
 0.100000E-27
 0.100000E-27
 0.100000E-27
 0.100000E-27
 0.100000E-27
 0.100000E-27
 0.100000E-27
 0.100000E-27
 0.100000E-27
 0.100000E-27
 0.100000E-27
 0.100000E-27
 0.100000E-27
 0.100000E-27
 0.100000E-27
 0.100000E-27
 0.100000E-27
 0.100000E-27
 0.100000E-27
 0.100000E-27
 0.100000E-27
 0.100000E-27
 0.100000E-27
 0.100000E-27
 0.100000E-27
 0.100000E-27
 0.100000E-27
 0.100000E-27
 0.100000E-27
 0.100000E-27
 0.100000E-27
 0.100000E-27
 0.100000E-27
 0.100000E-27
 0.100000E-27
 0.100000E-27
 0.100000E-27
 0.100000E-27
 0.100000E-27
 0.100000E-27
 0.100000E-27
 0.100000E-27
 0.100000E-27
 0.100000E-27
 0.100000E-27
 0.100000E-27
 0.100000E-27
 0.100000E-27
 0.100000E-27
 0.100000E-27
 0.100000E-27
 0.100000E-27
 0.100000E-27
 0.100000E-27
 0.100000E-27
 0.100000E-27
 0.100000E-27
 0.100000E-27
 0.100000E-27
 0.100000E-27
 0.100000E-27
 0.100000E-27
 0.100000E-27
 0.100000E-27
 0.100000E-27
 0.100000E-27
 0.100000E-27
 0.100000E-27
 0.100000E-27
 0.100000E-27
 0.100000E-27
 0.100000E-27
 0.100000E-27
 0.100000E-27
 0.100000E-27
 0.100000E-27
 0.100000E-27
 0.100000E-27
 0.100000E-27
 0.100000E-27
 0.100000E-27
 0.100000E-27
 0.100000E-27
 0.100000E-27
 0.100000E-27
 0.100000E-27
 0.100000E-27
 0.100000E-27
 0.100000E-27
 0.100000E-27
 0.100000E-27
 0.100000E-27
 0.100000E-27
 0.100000E-27
 0.100000E-27
 0.100000E-27
 0.100000E-27
 0.100000E-27
 0.100000E-27
 0.100000E-27
 0.100000E-27
 0.100000E-27
 0.100000E-27
 0.100000E-27
 0.100000E-27
 0.100000E-27
 0.100000E-27
 0.100000E-27
 0.100000E-27
 0.100000E-27
 0.100000E-27
 0.100000E-27
 0.100000E-27
 0.100000E-27
 0.100000E-27
 0.100000E-27
 0.100000E-27
 0.100000E-27
 0.100000E-27
 0.100000E-27
 0.100000E-27
 0.100000E-27
 0.100000E-27
 0.100000E-27
 0.100000E-27
 0.100000E-27
 0.100000E-27
 0.100000E-27
 0.100000E-27
 0.100000E-27
 0.100000E-27
 0.100000E-27
 0.100000E-27
 0.100000E-27
 0.100000E-27
 0.100000E-27
 0.100000E-27
 0.100000E-27
 0.100000E-27
 0.100000E-27
 0.100000E-27
 0.100000E-27
 0.100000E-27
 0.100000E-27
 0.100000E-27
 0.100000E-27
 0.100000E-27
 0.100000E-27
 0.100000E-27
 0.100000E-27
 0.100000E-27
 0.100000E-27
 0.100000E-27
 0.100000E-27
 0.100000E-27
 0.100000E-27
 0.100000E-27
 0.100000E-27
 0.100000E-27
 0.100000E-27
 0.100000E-27
 0.100000E-27
 0.100000E-27
 0.100000E-27
 0.100000E-27
 0.100000E-27
 0.100000E-27
 0.100000E-27
 0.100000E-27
 0.100000E-27
 0.100000E-27
 0.100000E-27
 0.100000E-27
 0.100000E-27
 0.100000E-27
 0.100000E-27
 0.100000E-27
 0.100000E-27
 0.100000E-27
 0.100000E-27
 0.100000E-27
 0.100000E-27
 0.100000E-27
 0.100000E-27
 0.100000E-27
 0.100000E-27
 0.100000E-27
 0.100000E-27
 0.100000E-27
 0.100000E-27
 0.100000E-27
 0.100000E-27
 0.100000E-27
 0.100000E-27
 0.100000E-27
 0.100000E-27
 0.100000E-27
 0.100000E-27
 0.100000E-27
 0.100000E-27
 0.100000E-27
 0.100000E-27
 0.100000E-27
 0.100000E-27
 0.100000E-27
 0.100000E-27
 0.100000E-27
 0.100000E-27
 0.100000E-27
 0.100000E-27
 0.100000E-27
 0.100000E-27
 0.100000E-27
 0.100000E-27
 0.100000E-27
 0.100000E-27
 0.100000E-27
 0.100000E-27
 0.100000E-27
 0.100000E-27
 0.100000E-27
 0.100000E-27
 0.100000E-27
 0.100000E-27
 0.100000E-27
 0.100000E-27
 0.100000E-27
 0.100000E-27
 0.100000E-27
 0.100000E-27
 0.100000E-27
 0.100000E-27
 0.100000E-27
 0.100000E-27
 0.100000E-27
 0.100000E-27
 0.100000E-27
 0.100000E-27
 0.100000E-27
 0.100000E-27
 0.100000E-27
 0.100000E-27
 0.100000E-27
 0.100000E-27
 0.100000E-27
 0.100000E-27
 0.100000E-27
 0.100000E-27
 0.100000E-27
 0.100000E-27
 0.100000E-27
 0.100000E-27
 0.100000E-27
 0.100000E-27
 0.100000E-27
 0.100000E-27
 0.100000E-27
 0.100000E-27
 0.100000E-27
 0.100000E-27
 0.100000E-27
 0.100000E-27
 0.100000E-27
 0.100000E-27
 0.100000E-27
 0.100000E-27
 0.100000E-27
 0.100000E-27
 0.100000E-27
 0.100000E-27
 0.100000E-27
 0.100000E-27
 0.100000E-27
 0.100000E-27
 0.100000E-27
 0.100000E-27
 0.100000E-27
 0.100000E-27
 0.100000E-27
 0.100000E-27
 0.100000E-27
 0.100000E-27
 0.100000E-27
 0.100000E-27
 0.100000E-27
 0.100000E-27
 0.100000E-27
 0.100000E-27
 0.100000E-27
 0.100000E-27
 0.100000E-27
 0.100000E-27
 0.100000E-27
 0.100000E-27
 0.100000E-27
 0.100000E-27
 0.100000E-27
 0.100000E-27
 0.100000E-27
 0.100000E-27
 0.100000E-27
 0.100000E-27
 0.100000E-27
 0.100000E-27
 0.100000E-27
 0.100000E-27
 0.100000E-27
 0.100000E-27
 0.100000E-27
 0.100000E-27
 0.100000E-27
 0.100000E-27
 0.100000E-27
 0.100000E-27
 0.100000E-27
 0.100000E-27
 0.100000E-27
 0.100000E-27
 0.100000E-27
 0.100000E-27
 0.100000E-27
 0.100000E-27
 0.100000E-27
 0.100000E-27
 0.100000E-27
 0.100000E-27
 0.100000E-27
 0.100000E-27
 0.100000E-27
 0.100000E-27
 0.100000E-27
 0.100000E-27
 0.100000E-27
 0.100000E-27
 0.100000E-27
 0.100000E-27
 0.100000E-27
 0.100000E-27
 0.100000E-27
 0.100000E-27
 0.100000E-27
 0.100000E-27
 0.100000E-27
 0.100000E-27
 0.100000E-27
 0.100000E-27
 0.100000E-27
 0.100000E-27
 0.100000E-27
 0.100000E-27
 0.100000E-27
 0.100000E-27
 0.100000E-27
 0.100000E-27
 0.100000E-27
 0.100000E-27
 0.100000E-27
 0.100000E-27
 0.100000E-27
 0.100000E-27
 0.100000E-27
 0.100000E-27
 0.100000E-27
 0.100000E-27
 0.100000E-27
 0.100000E-27
 0.100000E-27
 0.100000E-27
 0.100000E-27
 0.100000E-27
 0.100000E-27
 0.100000E-27
 0.100000E-27
 0.100000E-27
 0.100000E-27
 0.100000E-27
 0.100000E-27
 0.100000E-27
 0.100000E-27
 0.100000E-27
 0.100000E-27
 0.100000E-27
 0.100000E-27
 0.100000E-27
 0.100000E-27
 0.100000E-27
 0.100000E-27
 0.100000E-27
 0.100000E-27
 0.100000E-27
 0.100000E-27
 0.100000E-27
 0.100000E-27
 0.100000E-27
 0.100000E-27
 0.100000E-27
 0.100000E-27
 0.100000E-27
 0.100000E-27
 0.100000E-27
 0.100000E-27
 0.100000E-27
 0.100000E-27
 0.100000E-27
 0.100000E-27
 0.100000E-27
 0.100000E-27
 0.100000E-27
 0.100000E-27
 0.100000E-27
 0.100000E-27
 0.100000E-27
 0.100000E-27
 0.100000E-27
 0.100000E-27
 0.100000E-27
 0.100000E-27
 0.100000E-27
 0.100000E-27
 0.100000E-27
 0.100000E-27
 0.100000E-27
 0.100000E-27
 0.100000E-27
 0.100000E-27
 0.100000E-27
 0.100000E-27
 0.100000E-27
 0.100000E-27
 0.100000E-27
 0.100000E-27
 0.100000E-27
 0.100000E-27
 0.100000E-27
 0.100000E-27
 0.100000E-27
 0.100000E-27
 0.100000E-27
 0.100000E-27
 0.100000E-27
 0.100000E-27
 0.100000E-27
 0.100000E-27
 0.100000E-27
 0.100000E-27
 0.100000E-27
 0.100000E-27
 0.100000E-27
 0.100000E-27
 0.100000E-27
 0.100000E-27
 0.100000E-27
 0.100000E-27
 0.100000E-27
 0.100000E-27
 0.100000E-27
 0.100000E-27
 0.100000E-27
 0.100000E-27
 0.100000E-27
 0.100000E-27
 0.100000E-27
 0.100000E-27
 0.100000E-27
 0.100000E-27
 0.100000E-27
 0.100000E-27
 0.100000E-27
 0.100000E-27
 0.100000E-27
 0.100000E-27
 0.100000E-27
 0.100000E-27
 0.100000E-27
 0.100000E-27
 0.100000E-27
 0.100000E-27
 0.100000E-27
 0.100000E-27
 0.100000E-27
 0.100000E-27
 0.100000E-27
 0.100000E-27
 0.100000E-27
 0.100000E-27
 0.100000E-27
 0.100000E-27
 0.100000E-27
 0.100000E-27
 0.100000E-27
 0.100000E-27
 0.100000E-27
 0.100000E-27
 0.100000E-27
 0.100000E-27
 0.100000E-27
 0.100000E-27
 0.100000E-27
 0.100000E-27
 0.100000E-27
 0.100000E-27
 0.100000E-27
 0.100000E-27
 0.100000E-27
 0.100000E-27
 0.100000E-27
 0.100000E-27
 0.100000E-27
 0.100000E-27
 0.100000E-27
 0.100000E-27
 0.100000E-27
 0.100000E-27
 0.100000E-27
 0.100000E-27
 0.100000E-27
 0.100000E-27
 0.100000E-27
 0.100000E-27
 0.100000E-27
 0.100000E-27
 0.100000E-27
 0.100000E-27
 0.100000E-27
 0.100000E-27
 0.100000E-27
 0.100000E-27
 0.100000E-27
 0.100000E-27
 0.100000E-27
 0.100000E-27
 0.100000E-27
 0.100000E-27
 0.100000E-27
 0.100000E-27
 0.100000E-27
 0.100000E-27
 0.100000E-27
 0.100000E-27
 0.100000E-27
 0.100000E-27
 0.100000E-27
 0.100000E-27
 0.100000E-27
 0.100000E-27
 0.100000E-27
 0.100000E-27
 0.100000E-27
 0.100000E-27
 0.100000E-27
 0.100000E-27
 0.100000E-27
 0.100000E-27
 0.100000E-27
 0.100000E-27
 0.100000E-27
 0.100000E-27
 0.100000E-27
 0.100000E-27
 0.100000E-27
 0.100000E-27
 0.100000E-27
 0.100000E-27
 0.100000E-27
 0.100000E-27
 0.100000E-27
 0.100000E-27
 0.100000E-27
 0.100000E-27
 0.100000E-27
 0.100000E-27
 0.100000E-27
 0.100000E-27
 0.100000E-27
 0.100000E-27
 0.100000E-27
 0.100000E-27
 0.100000E-27
 0.100000E-27
 0.100000E-27
 0.100000E-27
 0.100000E-27
 0.100000E-27
 0.100000E-27
 0.100000E-27
 0.100000E-27
 0.100000E-27
 0.100000E-27
 0.100000E-27
 0.100000E-27
 0.100000E-27
 0.100000E-27
 0.100000E-27
 0.100000E-27
 0.100000E-27
 0.100000E-27
 0.100000E-27
 0.100000E-27
 0.100000E-27
 0.100000E-27
 0.100000E-27
 0.100000E-27
 0.100000E-27
 0.100000E-27
 0.100000E-27
 0.100000E-27
 0.100000E-27
 0.100000E-27
 0.100000E-27
 0.100000E-27
 0.100000E-27
 0.100000E-27
 0.100000E-27
 0.100000E-27
 0.100000E-27
 0.100000E-27
 0.100000E-27
 0.100000E-27
 0.100000E-27
 0.100000E-27
 0.100000E-27
 0.100000E-27
 0.100000E-27
 0.100000E-27
 0.100000E-27
 0.100000E-27
 0.100000E-27
 0.100000E-27
 0.100000E-27
 0.100000E-27
 0.100000E-27
 0.100000E-27
 0.100000E-27
 0.100000E-27
 0.100000E-27
 0.100000E-27
 0.100000E-27
 0.100000E-27
 0.100000E-27
 0.100000E-27
 0.100000E-27
 0.100000E-27
 0.100000E-27
 0.100000E-27
 0.100000E-27
 0.100000E-27
 0.100000E-27
 0.100000E-27
 0.100000E-27
